-1	-3	-60	1062
3	1	-62	1070
7	4	-66	1063
10	8	-67	1060
14	13	-68	1084
18	17	-68	1112
22	21	-67	1115
25	26	-65	1096
29	30	-62	1113
33	35	-59	1149
37	40	-60	1073
40	45	-63	1053
44	50	-67	1092
48	55	-69	1112
52	61	-68	1105
56	66	-68	1108
59	72	-66	1138
63	78	-63	1151
67	83	-61	1082
71	89	-59	1063
74	94	-61	1097
78	99	-65	1080
82	103	-66	1070
85	106	-67	1086
89	109	-66	1107
93	113	-64	1102
97	117	-64	1054
100	120	-62	1058
104	124	-59	1089
108	128	-60	1045
111	132	-61	1016
115	136	-64	1036
119	139	-66	1078
123	143	-65	1095
126	147	-65	1051
130	150	-63	1053
134	154	-62	1070
137	158	-60	1042
141	161	-57	1005
145	165	-59	982
148	169	-62	1017
152	172	-64	1074
156	176	-66	1067
159	180	-65	1081
163	183	-63	1090
166	187	-62	1084
170	190	-59	1081
174	194	-57	1003
177	198	-56	998
181	201	-58	1003
184	205	-61	1009
188	209	-63	1054
192	212	-65	1023
195	216	-64	1051
199	219	-63	1066
202	223	-62	1045
206	226	-59	1037
209	230	-57	984
213	233	-55	974
216	237	-56	970
220	240	-60	989
223	244	-62	1036
227	247	-64	1029
230	251	-62	1029
234	254	-60	1022
237	258	-59	1037
241	261	-57	1053
244	265	-56	1019
248	268	-53	992
251	272	-54	938
255	275	-56	953
258	278	-60	976
261	282	-62	1026
265	285	-61	1040
268	289	-60	1015
271	292	-56	987
275	295	-56	937
278	299	-54	932
282	302	-53	925
285	305	-52	936
288	309	-50	960
291	312	-55	926
295	315	-59	985
298	318	-63	1006
301	322	-60	1020
305	325	-57	959
308	328	-54	930
311	331	-54	900
314	335	-53	904
317	338	-52	912
321	341	-51	928
324	344	-52	935
327	347	-55	943
330	351	-57	979
333	354	-59	980
336	357	-57	1012
339	360	-56	987
343	363	-53	978
346	366	-53	940
349	369	-51	925
352	372	-51	877
355	375	-48	878
358	378	-50	815
361	381	-51	812
364	384	-55	798
367	387	-56	842
370	390	-58	824
373	393	-54	840
376	396	-53	801
379	399	-50	794
382	402	-52	764
384	405	-51	785
387	408	-51	774
390	411	-46	781
393	414	-46	746
396	416	-46	785
399	419	-51	781
402	422	-53	841
404	425	-55	870
407	428	-52	893
410	430	-50	897
413	433	-48	882
415	436	-47	856
418	438	-49	845
421	441	-47	844
423	444	-47	799
426	447	-43	798
429	449	-44	745
431	452	-44	787
434	454	-48	794
437	457	-51	835
439	460	-51	863
442	462	-51	860
444	465	-47	849
447	467	-48	797
449	470	-45	815
452	472	-46	804
454	475	-46	807
457	477	-44	812
459	480	-44	772
462	482	-39	778
464	484	-40	725
466	487	-42	740
469	489	-44	742
471	491	-49	736
473	494	-48	802
476	496	-49	814
478	498	-47	822
480	501	-43	783
482	503	-44	736
485	505	-41	760
487	507	-41	733
489	510	-44	720
491	512	-41	745
493	514	-41	729
495	516	-40	734
498	518	-35	724
500	520	-38	666
502	522	-39	687
504	524	-39	679
506	526	-44	669
508	528	-44	718
510	530	-41	714
512	532	-43	679
514	534	-41	707
516	536	-36	686
518	538	-39	635
520	540	-39	671
521	542	-36	675
523	544	-39	648
525	546	-41	676
527	547	-35	711
529	549	-34	670
530	551	-36	638
532	553	-32	676
534	554	-30	632
536	556	-35	583
537	558	-37	641
539	559	-33	666
541	561	-36	633
542	563	-42	640
544	564	-39	698
545	566	-35	672
547	567	-37	631
548	569	-40	632
550	571	-33	665
551	572	-28	619
553	573	-33	561
554	575	-38	581
556	576	-32	638
557	578	-27	605
559	579	-31	545
560	580	-38	574
561	582	-35	632
563	583	-26	625
564	584	-26	560
565	586	-35	536
566	587	-38	593
568	588	-27	630
569	589	-17	567
570	590	-20	470
571	592	-35	473
572	593	-41	578
573	594	-30	646
574	595	-17	589
576	596	-19	466
577	597	-35	454
578	598	-48	572
579	599	-44	684
580	600	-26	678
581	601	-13	552
581	602	-19	430
582	603	-39	449
583	604	-52	607
584	605	-45	721
585	606	-24	684
586	606	-4	529
587	607	-4	344
587	608	-25	328
588	609	-50	481
589	610	-59	692
589	610	-47	783
590	611	-22	692
591	611	0	509
591	612	6	314
592	612	-9	229
593	613	-35	326
593	614	-54	537
594	614	-57	714
594	615	-47	758
595	615	-35	703
595	616	-24	606
596	616	-18	514
596	616	-11	439
596	617	-5	369
597	617	0	300
597	617	-2	246
597	618	-8	240
598	618	-16	276
598	619	-26	339
598	619	-33	423
599	619	-37	493
599	620	-37	545
599	620	-37	564
599	620	-39	582
599	620	-44	616
599	620	-49	671
599	620	-50	735
599	620	-48	758
599	620	-45	765
599	620	-42	752
599	620	-40	735
599	620	-37	720
599	620	-30	687
599	620	-22	620
599	620	-15	543
599	620	-8	457
599	620	-2	372
599	620	1	305
599	620	4	241
598	620	8	188
598	619	14	130
598	619	20	61
598	619	24	-30
597	619	27	-96
597	618	33	-152
597	618	42	-244
596	617	50	-352
596	617	56	-462
595	616	60	-556
595	616	63	-621
594	615	63	-675
594	615	58	-710
593	615	48	-700
593	614	36	-636
592	614	26	-545
592	613	24	-462
591	612	31	-432
590	612	46	-479
590	611	58	-606
589	610	62	-710
588	609	58	-759
588	609	48	-741
587	608	35	-669
586	607	25	-574
585	607	25	-486
584	606	39	-470
583	605	58	-573
583	604	68	-735
582	603	62	-828
581	602	44	-798
580	601	28	-675
579	600	26	-533
578	599	46	-503
577	598	71	-643
576	597	79	-841
575	596	61	-945
574	595	32	-839
573	594	21	-621
571	593	40	-489
570	591	68	-606
569	590	76	-797
568	589	54	-901
567	588	27	-768
565	587	28	-537
564	585	53	-514
563	584	70	-710
562	583	58	-847
560	582	40	-781
559	580	39	-629
558	579	52	-603
556	577	56	-710
555	576	49	-751
553	575	47	-694
552	573	50	-664
550	572	47	-694
549	570	42	-678
547	569	45	-626
546	567	55	-639
544	565	54	-728
543	564	47	-742
541	562	49	-679
539	561	54	-701
538	559	51	-732
536	557	49	-718
534	556	52	-680
533	554	50	-721
531	552	46	-713
529	550	49	-660
527	548	55	-690
526	547	53	-748
524	545	53	-733
522	543	56	-750
520	541	53	-766
518	539	50	-739
516	537	53	-709
514	535	51	-740
512	534	48	-718
510	532	52	-677
508	530	53	-717
506	528	53	-726
504	526	57	-715
502	524	55	-744
500	521	53	-738
498	519	54	-738
496	517	50	-750
494	515	51	-709
492	513	55	-724
490	511	55	-764
487	509	58	-750
485	506	58	-787
483	504	54	-809
481	502	55	-768
478	500	52	-775
476	497	52	-746
474	495	55	-748
472	493	55	-786
469	490	58	-767
467	488	58	-798
464	486	56	-804
462	483	55	-804
460	481	52	-806
457	478	54	-752
455	476	56	-754
452	474	59	-755
450	471	61	-788
447	469	58	-834
445	466	56	-824
442	464	53	-798
440	461	54	-757
437	458	56	-771
435	456	59	-779
432	453	61	-819
429	451	59	-849
427	448	57	-859
424	445	53	-862
421	443	55	-812
419	440	57	-811
416	437	61	-810
413	435	61	-838
411	432	60	-829
408	429	56	-845
405	426	54	-814
402	423	55	-804
399	421	58	-821
397	418	62	-846
394	415	62	-885
391	412	60	-899
388	409	55	-892
385	406	56	-864
382	404	57	-880
379	401	63	-908
376	398	63	-963
374	395	62	-965
371	392	56	-959
368	389	55	-920
365	386	56	-922
362	383	62	-929
359	380	64	-989
356	377	63	-1019
353	374	57	-1008
349	371	56	-957
346	368	57	-941
343	365	63	-940
340	362	64	-977
337	358	63	-992
334	355	57	-972
331	352	55	-941
328	349	58	-887
325	346	63	-884
321	343	65	-887
318	339	62	-905
315	336	58	-845
312	333	56	-824
309	330	57	-810
305	327	62	-841
302	323	68	-900
299	320	64	-951
296	317	59	-939
292	313	56	-883
289	310	60	-856
286	307	66	-863
282	304	65	-906
279	300	62	-908
276	297	58	-906
272	294	60	-879
269	290	63	-902
266	287	65	-948
262	283	62	-943
259	280	58	-921
255	277	59	-852
252	273	62	-883
249	270	66	-934
245	266	63	-957
242	263	60	-944
238	259	59	-891
235	256	62	-881
231	253	66	-906
228	249	64	-962
224	246	61	-966
221	242	59	-921
217	238	61	-901
214	235	66	-903
210	232	65	-964
207	228	62	-967
203	224	60	-923
200	221	61	-897
196	217	65	-862
192	214	65	-929
189	210	62	-939
185	207	60	-908
182	203	61	-885
178	199	65	-862
175	196	64	-927
171	192	63	-941
167	189	61	-904
164	185	62	-882
160	181	65	-898
156	178	64	-940
153	174	62	-956
149	170	60	-895
145	167	62	-882
142	163	66	-926
138	159	65	-956
135	156	62	-948
131	152	61	-899
127	148	62	-912
123	145	65	-921
120	141	65	-916
116	137	61	-908
112	134	61	-909
109	130	63	-914
105	126	64	-921
101	122	64	-898
98	119	61	-943
94	115	61	-937
90	111	63	-906
86	108	63	-901
83	104	63	-929
79	100	61	-938
75	96	61	-908
71	93	64	-878
68	89	64	-934
64	85	63	-958
60	81	61	-924
56	78	61	-919
53	74	64	-928
49	70	64	-944
45	66	62	-934
41	63	61	-917
38	59	62	-920
34	55	64	-940
30	51	64	-915
26	48	61	-943
23	44	61	-927
19	40	62	-888
15	36	63	-885
11	32	63	-918
7	29	61	-925
4	25	61	-896
0	21	64	-876
-4	17	64	-917
-8	14	63	-942
-11	9	61	-905
-15	5	61	-904
-19	1	63	-910
-23	-4	63	-904
-26	-9	61	-890
-30	-14	61	-908
-34	-19	62	-915
-38	-25	63	-903
-41	-30	63	-890
-45	-36	60	-911
-49	-42	60	-904
-53	-48	62	-868
-57	-54	63	-880
-60	-60	63	-907
-64	-65	61	-902
-68	-70	60	-882
-72	-74	62	-889
-75	-77	63	-923
-79	-80	62	-934
-83	-84	61	-893
-86	-87	60	-891
-90	-91	62	-889
-94	-95	58	-885
-98	-99	59	-863
-101	-103	62	-875
-105	-106	64	-911
-109	-110	64	-934
-112	-114	62	-907
-116	-118	58	-912
-120	-121	58	-887
-124	-125	61	-860
-127	-129	63	-871
-131	-132	63	-887
-135	-136	59	-901
-138	-140	58	-891
-142	-143	60	-855
-146	-147	61	-868
-149	-151	62	-903
-153	-154	59	-905
-157	-158	57	-891
-160	-162	59	-840
-164	-165	60	-883
-167	-169	60	-897
-171	-173	58	-882
-175	-176	57	-864
-178	-180	59	-839
-182	-183	60	-883
-185	-187	60	-902
-189	-191	58	-871
-193	-194	56	-854
-196	-198	58	-830
-200	-201	59	-869
-203	-205	59	-887
-207	-208	57	-867
-210	-212	56	-845
-214	-215	58	-818
-217	-219	59	-866
-221	-222	59	-877
-224	-226	57	-859
-228	-229	55	-847
-231	-233	57	-802
-235	-236	58	-825
-238	-240	59	-846
-242	-243	57	-865
-245	-247	56	-862
-249	-250	57	-827
-252	-254	57	-824
-256	-257	58	-811
-259	-260	56	-856
-262	-264	55	-847
-266	-267	55	-840
-269	-271	57	-850
-272	-274	58	-837
-276	-277	56	-836
-279	-281	55	-786
-283	-284	54	-796
-286	-287	56	-807
-289	-291	56	-843
-292	-294	56	-856
-296	-297	54	-832
-299	-301	53	-829
-302	-304	54	-790
-306	-307	55	-799
-309	-310	57	-771
-312	-314	54	-791
-315	-317	54	-777
-318	-320	53	-793
-322	-323	55	-808
-325	-326	55	-834
-328	-329	56	-838
-331	-333	53	-844
-334	-336	52	-833
-337	-339	52	-810
-340	-342	54	-827
-344	-345	55	-818
-347	-348	54	-831
-350	-351	52	-794
-353	-354	51	-773
-356	-357	53	-738
-359	-360	53	-740
-362	-363	54	-725
-365	-366	52	-732
-368	-369	51	-712
-371	-372	50	-711
-374	-375	52	-676
-377	-378	53	-692
-380	-381	54	-696
-383	-384	52	-712
-386	-387	50	-689
-388	-390	49	-688
-391	-393	51	-658
-394	-396	52	-691
-397	-398	52	-692
-400	-401	51	-718
-403	-404	49	-719
-405	-407	49	-707
-408	-410	48	-710
-411	-412	51	-710
-414	-415	50	-754
-416	-418	51	-753
-419	-421	48	-762
-422	-423	48	-709
-424	-426	47	-703
-427	-429	49	-675
-430	-431	50	-708
-432	-434	49	-712
-435	-437	49	-712
-438	-439	46	-730
-440	-442	47	-707
-443	-444	45	-695
-445	-447	47	-668
-448	-449	48	-699
-450	-452	48	-699
-453	-454	46	-701
-455	-457	44	-688
-458	-459	47	-641
-460	-462	48	-665
-463	-464	48	-653
-465	-467	47	-672
-467	-469	44	-687
-470	-471	46	-646
-472	-474	45	-657
-474	-476	44	-632
-477	-478	45	-632
-479	-481	41	-641
-481	-483	44	-601
-483	-485	45	-636
-486	-487	44	-637
-488	-489	46	-634
-490	-492	43	-645
-492	-494	42	-616
-494	-496	43	-617
-496	-498	41	-621
-499	-500	43	-590
-501	-502	45	-618
-503	-504	42	-629
-505	-506	44	-593
-507	-508	44	-621
-509	-511	40	-634
-511	-512	41	-588
-513	-514	40	-603
-515	-516	38	-603
-517	-518	41	-562
-519	-520	43	-595
-521	-522	39	-607
-522	-524	41	-568
-524	-526	43	-586
-526	-528	38	-610
-528	-530	38	-563
-530	-531	41	-569
-531	-533	38	-579
-533	-535	36	-552
-535	-537	41	-511
-537	-538	41	-560
-538	-540	36	-559
-540	-542	38	-508
-542	-543	43	-537
-543	-545	38	-575
-545	-546	33	-546
-546	-548	36	-485
-548	-550	39	-512
-549	-551	34	-537
-551	-553	31	-486
-552	-554	39	-452
-554	-556	42	-507
-555	-557	34	-535
-557	-558	30	-479
-558	-560	37	-435
-560	-561	45	-508
-561	-563	38	-584
-562	-564	28	-536
-564	-565	29	-440
-565	-567	40	-440
-566	-568	41	-526
-567	-569	30	-540
-569	-570	24	-460
-570	-571	33	-387
-571	-573	45	-449
-572	-574	40	-557
-573	-575	25	-540
-574	-576	20	-421
-575	-577	34	-353
-577	-578	52	-459
-578	-579	50	-624
-579	-581	27	-639
-580	-581	9	-473
-581	-582	19	-317
-582	-583	46	-362
-582	-584	62	-569
-583	-585	47	-711
-584	-586	16	-625
-585	-587	-1	-378
-586	-587	14	-203
-587	-588	49	-290
-588	-589	71	-536
-588	-590	66	-734
-589	-591	38	-729
-590	-592	9	-543
-590	-592	0	-310
-591	-593	17	-206
-592	-593	45	-314
-592	-594	60	-538
-593	-595	55	-676
-594	-596	41	-661
-594	-596	31	-556
-595	-597	28	-467
-595	-597	25	-424
-596	-597	19	-396
-596	-598	10	-341
-597	-598	9	-265
-597	-599	16	-238
-597	-599	31	-274
-598	-599	44	-396
-598	-600	45	-513
-598	-600	39	-540
-599	-601	36	-506
-599	-601	38	-488
-599	-601	44	-510
-600	-601	48	-558
-600	-602	45	-601
-600	-602	35	-585
-600	-602	24	-509
-600	-602	21	-414
-600	-602	22	-372
-600	-602	22	-361
-600	-602	18	-344
-600	-602	10	-296
-600	-602	3	-222
-600	-602	1	-158
-600	-602	0	-121
-600	-602	-7	-86
-600	-602	-16	-9
-600	-602	-22	94
-600	-602	-26	185
-600	-602	-29	252
-600	-602	-31	308
-600	-602	-29	351
-599	-602	-26	362
-599	-602	-25	349
-599	-601	-25	351
-599	-601	-21	356
-598	-601	-16	342
-598	-601	-12	308
-598	-600	-11	282
-597	-600	-13	264
-597	-599	-18	284
-596	-599	-27	331
-596	-598	-36	411
-595	-598	-48	511
-595	-597	-62	630
-594	-597	-71	774
-594	-596	-73	887
-593	-596	-67	935
-593	-595	-56	923
-592	-595	-42	837
-591	-594	-29	731
-591	-593	-22	623
-590	-593	-28	560
-589	-592	-45	582
-588	-591	-63	710
-588	-590	-71	873
-587	-589	-65	971
-586	-589	-47	942
-585	-588	-28	814
-584	-587	-19	661
-584	-586	-28	566
-583	-585	-51	621
-582	-584	-69	787
-581	-583	-69	950
-580	-582	-49	951
-579	-582	-26	822
-578	-581	-18	629
-577	-579	-37	552
-576	-578	-65	675
-575	-577	-77	858
-574	-576	-65	990
-572	-575	-39	947
-571	-574	-26	744
-570	-573	-38	624
-569	-571	-59	699
-568	-570	-63	862
-566	-569	-49	932
-565	-568	-37	823
-564	-566	-41	714
-563	-565	-52	729
-561	-564	-52	830
-560	-562	-47	851
-559	-561	-49	805
-557	-560	-57	808
-556	-558	-57	883
-554	-557	-48	903
-553	-555	-46	826
-551	-554	-53	785
-550	-552	-54	855
-548	-551	-46	878
-547	-549	-44	812
-545	-548	-49	773
-544	-546	-49	824
-542	-544	-44	814
-540	-543	-48	787
-539	-541	-53	799
-537	-540	-49	867
-535	-538	-46	826
-534	-536	-52	785
-532	-534	-53	852
-530	-533	-49	861
-528	-531	-52	834
-526	-529	-55	853
-525	-527	-52	896
-523	-525	-54	878
-521	-524	-59	877
-519	-522	-57	929
-517	-520	-56	927
-515	-518	-57	896
-513	-516	-53	922
-511	-514	-50	902
-509	-512	-52	859
-507	-510	-50	893
-505	-508	-50	878
-503	-506	-54	854
-501	-504	-52	916
-499	-502	-53	897
-497	-500	-56	868
-495	-497	-55	917
-493	-495	-56	916
-491	-493	-58	929
-488	-491	-56	934
-486	-489	-60	909
-484	-487	-61	953
-482	-484	-60	975
-479	-482	-60	946
-477	-480	-56	976
-475	-477	-54	947
-473	-475	-54	936
-470	-473	-52	917
-468	-470	-54	885
-465	-468	-54	927
-463	-466	-59	946
-461	-463	-62	992
-458	-461	-59	998
-456	-458	-60	973
-453	-456	-58	1000
-451	-453	-60	980
-448	-451	-62	1015
-446	-448	-63	1036
-443	-446	-64	1024
-441	-443	-59	997
-438	-441	-57	952
-436	-438	-54	953
-433	-436	-55	911
-430	-433	-57	966
-428	-430	-59	986
-425	-428	-61	1008
-422	-425	-61	1035
-420	-422	-61	1001
-417	-420	-59	988
-414	-417	-63	949
-412	-414	-63	984
-409	-411	-66	985
-406	-409	-63	1021
-403	-406	-60	987
-400	-403	-56	996
-398	-400	-56	953
-395	-397	-57	993
-392	-395	-60	1013
-389	-392	-62	1053
-386	-389	-63	1075
-383	-386	-63	1086
-380	-383	-63	1083
-377	-380	-65	1091
-375	-377	-66	1104
-372	-374	-66	1121
-369	-371	-64	1120
-366	-368	-60	1109
-363	-365	-57	1095
-360	-362	-57	1070
-357	-359	-60	1072
-354	-356	-64	1098
-350	-353	-66	1130
-347	-350	-66	1155
-344	-347	-66	1159
-341	-344	-65	1146
-338	-341	-67	1129
-335	-338	-65	1148
-332	-335	-64	1115
-329	-331	-60	1105
-326	-328	-59	1040
-322	-325	-59	1013
-319	-322	-63	962
-316	-319	-65	990
-313	-315	-66	1009
-310	-312	-65	1042
-306	-309	-66	1053
-303	-306	-67	1079
-300	-302	-67	1108
-297	-299	-66	1098
-293	-296	-62	1102
-290	-293	-60	1041
-287	-289	-59	1008
-283	-286	-63	983
-280	-283	-66	1031
-277	-279	-68	1072
-273	-276	-68	1118
-270	-273	-67	1123
-267	-269	-68	1105
-263	-266	-67	1094
-260	-262	-66	1044
-256	-259	-62	1048
-253	-256	-60	1037
-250	-252	-61	1038
-246	-249	-64	1085
-243	-245	-67	1087
-239	-242	-67	1106
-236	-238	-67	1085
-232	-235	-66	1089
-229	-231	-66	1105
-225	-228	-66	1096
-222	-224	-62	1086
-218	-221	-61	1022
-215	-217	-60	1023
-211	-214	-64	1036
-208	-210	-68	1073
-204	-207	-69	1114
-201	-203	-70	1096
-197	-200	-68	1108
-193	-196	-68	1114
-190	-193	-68	1122
-186	-189	-64	1125
-183	-185	-62	1055
-179	-182	-61	1037
-176	-178	-63	1050
-172	-175	-68	1068
-168	-171	-69	1099
-165	-167	-70	1083
-161	-164	-70	1108
-157	-160	-69	1118
-154	-156	-68	1095
-150	-153	-64	1058
-146	-149	-62	1036
-143	-145	-62	1051
-139	-142	-64	1111
-135	-138	-68	1096
-132	-135	-69	1121
-128	-131	-70	1138
-124	-127	-71	1144
-121	-123	-69	1143
-117	-120	-63	1138
-113	-116	-61	1107
-110	-112	-62	1141
-106	-109	-66	1111
-102	-105	-68	1116
-98	-101	-69	1148
-95	-97	-69	1160
-91	-94	-67	1145
-87	-90	-68	1117
-84	-86	-67	1138
-80	-83	-65	1163
-76	-79	-63	1106
-72	-75	-61	1079
-69	-71	-62	1080
-65	-68	-66	1079
-61	-64	-69	1084
-57	-60	-71	1105
-54	-56	-70	1147
-50	-53	-68	1147
-46	-49	-67	1093
-42	-45	-62	1082
-39	-41	-60	1104
-35	-37	-61	1054
-31	-34	-64	1037
-27	-30	-68	1071
-24	-26	-69	1111
-20	-22	-68	1109
-16	-19	-68	1090
-12	-15	-67	1120
-8	-11	-64	1139
-5	-7	-61	1069
-1	-4	-59	1055
3	0	-62	1064
7	4	-66	1058
10	8	-67	1051
14	12	-68	1080
18	16	-68	1101
22	20	-66	1097
25	24	-65	1068
29	27	-62	1087
33	30	-59	1123
37	34	-60	1049
41	37	-63	1041
44	41	-66	1078
48	45	-69	1090
52	49	-68	1078
56	53	-67	1092
59	57	-65	1118
63	60	-61	1113
67	64	-59	1048
71	68	-58	1038
74	72	-60	1074
78	75	-65	1061
82	79	-66	1060
85	83	-67	1079
89	87	-66	1099
93	90	-63	1091
97	94	-63	1044
100	98	-61	1048
104	101	-59	1079
108	105	-60	1034
112	109	-60	1012
115	113	-64	1031
119	116	-66	1068
123	120	-66	1092
126	124	-66	1043
130	127	-64	1056
134	131	-62	1070
137	135	-60	1043
141	138	-57	1003
145	142	-58	988
148	146	-61	1017
152	149	-64	1069
156	153	-66	1063
159	157	-65	1073
163	160	-63	1076
166	164	-61	1068
170	167	-58	1061
174	171	-58	990
177	175	-56	983
181	178	-58	989
185	182	-61	997
188	185	-63	1032
192	189	-65	993
195	193	-64	1031
199	196	-63	1049
202	200	-62	1031
206	203	-59	1027
209	207	-57	963
213	210	-55	949
216	214	-56	957
220	217	-60	971
223	221	-62	1023
227	224	-63	1008
230	228	-61	1018
234	231	-60	1017
237	235	-59	1039
241	238	-57	1054
244	242	-56	1006
248	245	-52	981
251	249	-54	941
255	252	-55	943
258	255	-59	972
261	259	-62	1022
265	262	-61	1042
268	266	-60	1013
272	269	-56	992
275	272	-56	937
278	276	-54	937
282	279	-54	935
285	282	-52	946
288	286	-49	971
291	289	-54	925
295	292	-58	971
298	295	-62	989
301	299	-60	1002
305	302	-57	945
308	305	-53	926
311	308	-53	905
314	312	-53	907
317	315	-52	907
321	318	-51	923
324	321	-51	931
327	324	-54	928
330	328	-56	973
333	331	-58	972
336	334	-56	991
340	337	-56	958
343	340	-53	950
346	343	-53	909
349	346	-51	906
352	349	-51	854
355	352	-47	845
358	355	-49	780
361	358	-50	782
364	361	-54	771
367	364	-55	800
370	367	-57	789
373	370	-54	802
376	373	-53	767
379	376	-51	769
382	379	-52	737
385	382	-50	759
387	385	-50	739
390	388	-46	757
393	391	-47	722
396	394	-47	767
399	396	-51	768
402	399	-53	839
404	402	-54	859
407	405	-52	867
410	407	-50	880
413	410	-48	878
415	413	-47	857
418	416	-49	854
421	418	-47	850
423	421	-47	804
426	424	-43	803
429	426	-44	761
431	429	-44	808
434	432	-48	816
437	434	-51	860
439	437	-51	883
442	439	-51	857
444	442	-47	844
447	444	-47	805
449	447	-45	812
452	449	-45	792
454	452	-46	805
457	454	-44	798
459	457	-44	762
462	459	-39	766
464	462	-40	708
466	464	-41	730
469	466	-43	727
471	469	-48	723
473	471	-47	783
476	473	-48	791
478	475	-46	809
480	478	-42	777
482	480	-43	732
485	482	-41	757
487	484	-41	739
489	487	-43	719
491	489	-40	749
493	491	-40	719
496	493	-39	716
498	495	-34	703
500	497	-37	647
502	499	-39	683
504	501	-38	692
506	503	-44	675
508	505	-44	730
510	507	-41	718
512	509	-43	687
514	511	-40	712
516	513	-36	691
518	515	-38	641
520	517	-38	667
521	519	-35	657
523	521	-38	624
525	523	-40	644
527	524	-35	681
529	526	-34	637
530	528	-36	610
532	530	-32	656
534	532	-29	603
536	533	-35	555
537	535	-36	605
539	537	-32	631
541	538	-35	605
542	540	-42	616
544	541	-39	673
545	543	-34	661
547	545	-37	625
548	546	-39	631
550	548	-33	662
551	549	-28	618
553	551	-33	553
554	552	-38	570
556	553	-32	615
557	555	-26	579
559	556	-30	528
560	558	-39	540
561	559	-36	629
563	560	-26	631
564	562	-25	551
565	563	-34	518
566	564	-37	570
568	565	-27	608
569	566	-17	552
570	568	-21	462
571	569	-36	468
572	570	-41	571
573	571	-30	637
574	572	-17	579
576	573	-19	466
577	574	-35	454
578	575	-48	571
579	576	-44	669
580	577	-26	658
581	578	-13	534
581	579	-19	418
582	580	-39	443
583	581	-52	605
584	582	-45	723
585	582	-23	694
586	583	-3	530
587	584	-4	352
587	585	-25	334
588	586	-50	491
589	587	-59	693
589	587	-46	781
590	588	-22	702
591	588	0	510
591	589	6	313
592	590	-9	236
593	591	-35	332
593	591	-54	541
594	592	-56	709
594	592	-47	763
595	592	-34	711
595	593	-24	616
596	593	-17	525
596	594	-11	448
596	594	-4	375
597	594	0	312
597	595	-1	257
597	595	-8	244
598	596	-16	281
598	596	-26	347
598	596	-33	426
599	597	-36	500
599	597	-36	545
599	597	-36	558
599	597	-39	574
599	597	-44	611
599	597	-49	669
599	597	-50	726
599	597	-48	747
599	597	-44	744
599	597	-41	727
599	597	-40	706
599	597	-36	692
599	597	-30	666
599	597	-22	610
599	597	-14	537
599	597	-7	451
599	597	-2	359
599	597	1	295
599	597	4	242
598	597	8	193
598	597	14	128
598	596	20	52
598	596	24	-30
597	596	27	-92
597	596	33	-154
597	595	42	-243
596	595	50	-348
596	594	56	-449
595	594	60	-536
595	593	63	-603
594	593	63	-667
594	592	58	-691
593	592	48	-671
593	591	36	-610
592	591	26	-531
592	590	24	-451
591	590	32	-427
590	589	46	-474
590	588	57	-596
589	587	62	-703
588	587	58	-750
587	586	48	-724
587	585	35	-659
586	584	25	-557
585	584	25	-470
584	583	40	-458
583	582	58	-566
583	581	68	-725
582	580	62	-819
581	579	44	-796
580	578	27	-675
579	578	26	-528
578	577	46	-489
577	575	71	-639
576	574	79	-827
575	573	61	-921
574	572	32	-821
573	571	21	-598
571	570	40	-484
570	569	68	-596
569	567	76	-794
568	566	54	-897
567	565	27	-759
565	564	28	-523
564	563	53	-499
563	561	69	-699
562	560	58	-838
560	559	40	-766
559	557	39	-611
558	556	52	-600
556	555	56	-710
555	553	50	-749
553	552	47	-693
552	550	50	-652
550	549	47	-684
549	547	42	-669
547	546	46	-619
546	544	55	-639
544	543	53	-723
543	541	47	-735
541	540	49	-678
539	538	54	-699
538	536	51	-731
536	535	48	-718
534	533	52	-684
533	531	50	-720
531	529	46	-724
529	528	49	-676
527	526	55	-702
525	524	53	-750
524	522	53	-742
522	520	57	-748
520	518	53	-772
518	517	50	-754
516	515	53	-715
514	513	51	-739
512	511	48	-725
510	509	52	-701
508	507	52	-739
506	505	53	-738
504	503	57	-727
502	501	55	-752
500	499	53	-758
498	497	54	-750
496	494	50	-742
494	492	51	-699
492	490	55	-713
490	488	55	-745
487	486	58	-737
485	484	57	-775
483	481	54	-792
481	479	55	-753
478	477	52	-751
476	475	52	-729
474	472	55	-731
472	470	55	-776
469	468	58	-758
467	465	57	-783
464	463	56	-790
462	461	56	-787
460	458	52	-797
457	456	54	-741
455	453	56	-744
452	451	59	-748
450	448	61	-783
447	446	58	-821
445	443	57	-814
442	441	53	-804
440	438	54	-758
437	436	55	-767
435	433	58	-774
432	431	61	-813
429	428	59	-840
427	425	57	-851
424	423	53	-858
421	420	55	-808
419	417	56	-804
416	415	61	-790
413	412	61	-819
411	409	60	-806
408	406	57	-825
405	404	54	-792
402	401	55	-791
399	398	58	-802
397	395	62	-828
394	392	62	-871
391	390	60	-886
388	387	55	-886
385	384	56	-856
382	381	58	-870
379	378	63	-892
376	375	63	-952
373	372	61	-971
371	369	56	-978
368	366	56	-942
365	363	57	-942
362	360	63	-959
359	357	64	-1014
356	354	63	-1031
353	351	57	-1027
349	348	56	-977
346	345	58	-955
343	342	63	-952
340	339	65	-987
337	336	63	-993
334	333	58	-965
331	329	56	-923
328	326	59	-876
325	323	63	-879
321	320	66	-885
318	317	62	-899
315	314	59	-842
312	310	56	-831
309	307	57	-829
305	304	62	-857
302	301	68	-909
299	297	64	-957
295	294	59	-956
292	291	57	-894
289	288	60	-866
286	284	65	-861
282	281	64	-892
279	278	62	-883
276	274	58	-894
272	271	60	-881
269	268	64	-902
266	264	65	-944
262	261	62	-934
259	257	58	-906
255	254	59	-850
252	251	63	-880
249	247	66	-923
245	244	63	-958
242	240	60	-946
238	237	59	-880
235	233	62	-863
231	230	66	-899
228	226	64	-945
224	223	61	-951
221	219	59	-900
217	216	61	-877
214	212	66	-877
210	209	65	-946
207	205	62	-953
203	202	60	-906
200	198	61	-882
196	195	65	-857
192	191	65	-921
189	188	62	-933
185	184	60	-898
182	180	61	-871
178	177	65	-861
175	173	64	-922
171	170	63	-942
167	166	61	-898
164	162	61	-883
160	159	65	-893
156	155	64	-931
153	151	62	-952
149	148	60	-894
145	144	61	-879
142	140	65	-918
138	137	65	-944
134	133	62	-933
131	129	61	-878
127	126	62	-901
123	122	65	-917
120	118	65	-914
116	115	61	-894
112	111	61	-899
109	107	63	-911
105	104	64	-918
101	100	64	-903
97	96	61	-941
94	92	61	-924
90	89	63	-894
86	85	64	-899
83	81	63	-927
79	77	61	-937
75	74	61	-909
71	70	64	-877
68	66	64	-928
64	63	63	-954
60	59	61	-923
56	55	61	-914
53	51	64	-926
49	48	64	-943
45	44	62	-928
41	40	61	-918
38	36	62	-920
34	32	64	-931
30	29	64	-905
26	25	61	-939
23	21	61	-925
19	17	62	-888
15	14	63	-887
11	10	63	-916
7	6	61	-922
4	2	60	-894
0	-1	64	-880
-4	-5	64	-916
-8	-9	63	-933
-11	-13	61	-898
-15	-17	61	-900
-19	-20	63	-905
-23	-24	63	-903
-26	-28	61	-892
-30	-32	61	-922
-34	-35	62	-917
-38	-39	63	-912
-42	-43	64	-897
-45	-47	61	-923
-49	-50	60	-923
-53	-54	62	-897
-57	-58	62	-925
-60	-62	63	-936
-64	-65	60	-930
-68	-69	60	-897
-72	-73	62	-902
-75	-77	63	-932
-79	-80	62	-942
-83	-84	60	-895
-86	-88	59	-899
-90	-92	62	-900
-94	-95	58	-901
-98	-99	59	-868
-101	-103	62	-884
-105	-106	64	-926
-109	-110	64	-947
-113	-114	61	-906
-116	-118	58	-910
-120	-121	58	-894
-124	-125	61	-869
-127	-129	62	-874
-131	-132	62	-896
-135	-136	59	-904
-138	-140	58	-889
-142	-143	61	-856
-146	-147	61	-878
-149	-151	62	-907
-153	-154	59	-907
-157	-158	57	-894
-160	-162	59	-851
-164	-165	60	-898
-167	-169	60	-912
-171	-172	58	-885
-175	-176	57	-856
-178	-180	59	-851
-182	-183	60	-888
-186	-187	59	-899
-189	-190	58	-867
-193	-194	56	-852
-196	-198	59	-837
-200	-201	59	-877
-203	-205	59	-894
-207	-208	57	-865
-210	-212	56	-844
-214	-215	58	-824
-217	-219	58	-874
-221	-222	59	-882
-224	-226	57	-862
-228	-229	56	-845
-231	-233	57	-800
-235	-236	57	-819
-238	-240	58	-850
-242	-243	56	-869
-245	-247	55	-860
-249	-250	57	-826
-252	-254	57	-827
-256	-257	58	-816
-259	-260	56	-855
-262	-264	55	-849
-266	-267	55	-840
-269	-271	57	-852
-273	-274	57	-833
-276	-277	56	-831
-279	-281	55	-784
-283	-284	54	-797
-286	-287	57	-820
-289	-291	57	-856
-292	-294	56	-866
-296	-297	55	-850
-299	-300	53	-848
-302	-304	54	-805
-306	-307	55	-809
-309	-310	57	-790
-312	-313	54	-796
-315	-317	54	-784
-318	-320	53	-801
-322	-323	55	-809
-325	-326	55	-837
-328	-329	56	-844
-331	-333	53	-850
-334	-336	52	-836
-337	-339	52	-806
-341	-342	54	-826
-344	-345	55	-820
-347	-348	54	-835
-350	-351	52	-803
-353	-354	51	-792
-356	-357	53	-753
-359	-360	53	-750
-362	-363	54	-731
-365	-366	52	-731
-368	-369	51	-699
-371	-372	50	-698
-374	-375	52	-673
-377	-378	52	-686
-380	-381	53	-681
-383	-384	52	-696
-386	-387	51	-669
-388	-390	50	-673
-391	-393	51	-655
-394	-396	52	-692
-397	-398	52	-691
-400	-401	51	-718
-403	-404	49	-710
-405	-407	49	-700
-408	-410	48	-700
-411	-412	51	-705
-414	-415	50	-752
-416	-418	51	-746
-419	-421	48	-747
-422	-423	48	-698
-424	-426	47	-689
-427	-429	49	-664
-430	-431	49	-695
-432	-434	49	-691
-435	-436	49	-698
-438	-439	46	-719
-440	-442	47	-697
-443	-444	45	-709
-445	-447	47	-674
-448	-449	48	-698
-450	-452	48	-705
-453	-454	46	-703
-455	-457	44	-694
-458	-459	47	-653
-460	-462	47	-670
-463	-464	47	-652
-465	-466	47	-674
-467	-469	44	-679
-470	-471	46	-646
-472	-474	45	-654
-474	-476	45	-628
-477	-478	45	-632
-479	-480	42	-648
-481	-483	44	-605
-483	-485	44	-635
-486	-487	44	-639
-488	-489	47	-652
-490	-492	43	-661
-492	-494	42	-624
-494	-496	43	-615
-497	-498	41	-618
-499	-500	43	-581
-501	-502	44	-612
-503	-504	42	-635
-505	-506	43	-594
-507	-508	43	-617
-509	-510	39	-628
-511	-512	41	-578
-513	-514	41	-591
-515	-516	38	-594
-517	-518	42	-559
-519	-520	43	-593
-521	-522	40	-616
-522	-524	41	-574
-524	-526	43	-593
-526	-528	38	-608
-528	-529	38	-560
-530	-531	41	-557
-531	-533	38	-569
-533	-535	36	-547
-535	-536	41	-528
-537	-538	40	-578
-538	-540	35	-571
-540	-541	37	-521
-542	-543	43	-544
-543	-545	38	-586
-545	-546	33	-560
-546	-548	36	-498
-548	-550	39	-526
-549	-551	34	-542
-551	-553	31	-491
-552	-554	39	-454
-554	-556	42	-516
-555	-557	34	-547
-557	-558	29	-487
-558	-560	37	-436
-560	-561	44	-502
-561	-563	37	-578
-562	-564	27	-545
-564	-565	30	-452
-565	-566	40	-439
-566	-568	40	-521
-567	-569	29	-529
-569	-570	24	-449
-570	-571	33	-386
-571	-573	45	-436
-572	-574	40	-539
-573	-575	24	-520
-574	-576	19	-401
-575	-577	34	-336
-577	-578	52	-443
-578	-579	50	-604
-579	-580	27	-619
-580	-581	9	-444
-581	-582	19	-287
-582	-583	46	-334
-582	-584	62	-551
-583	-585	47	-690
-584	-586	15	-602
-585	-587	-2	-363
-586	-587	14	-203
-587	-588	50	-296
-588	-589	73	-543
-588	-590	67	-742
-589	-591	40	-735
-590	-592	10	-555
-590	-592	0	-316
-591	-592	17	-207
-592	-593	45	-321
-592	-594	60	-540
-593	-595	55	-688
-594	-595	41	-671
-594	-596	30	-566
-595	-596	27	-475
-595	-597	25	-434
-596	-597	18	-413
-596	-598	10	-356
-597	-598	8	-276
-597	-599	16	-249
-597	-599	32	-286
-598	-599	44	-410
-598	-600	45	-518
-598	-600	39	-541
-599	-600	37	-515
-599	-601	39	-494
-599	-601	44	-518
-600	-601	48	-567
-600	-602	45	-608
-600	-602	35	-592
-600	-602	25	-511
-600	-602	21	-426
-600	-602	22	-375
-600	-602	22	-369
-600	-602	17	-354
-600	-602	9	-305
-600	-602	3	-222
-600	-602	1	-148
-600	-602	-1	-104
-600	-602	-8	-65
-600	-602	-16	16
-600	-602	-22	110
-600	-602	-26	195
-600	-602	-29	259
-600	-602	-31	310
-600	-602	-29	353
-599	-602	-26	364
-599	-601	-25	350
-599	-601	-25	358
-599	-601	-21	370
-598	-601	-16	340
-598	-600	-12	302
-598	-600	-10	270
-597	-600	-13	253
-597	-599	-18	270
-596	-599	-27	317
-596	-598	-37	401
-595	-598	-49	501
-595	-597	-62	632
-594	-596	-71	784
-594	-596	-73	888
-593	-596	-67	942
-593	-595	-56	920
-592	-595	-41	842
-591	-594	-28	734
-591	-593	-22	627
-590	-592	-28	565
-589	-592	-45	594
-588	-591	-64	727
-588	-590	-72	895
-587	-589	-65	988
-586	-589	-48	963
-585	-588	-28	834
-584	-587	-18	681
-584	-586	-27	580
-583	-585	-51	620
-582	-584	-70	798
-581	-583	-69	958
-580	-582	-49	969
-579	-581	-25	837
-578	-580	-18	637
-577	-579	-37	553
-576	-578	-66	690
-575	-577	-78	868
-574	-576	-66	993
-572	-575	-39	946
-571	-574	-25	739
-570	-572	-38	611
-569	-571	-59	683
-568	-570	-63	855
-566	-569	-48	924
-565	-568	-36	821
-564	-566	-41	713
-563	-565	-52	731
-561	-564	-52	830
-560	-562	-47	850
-559	-561	-49	812
-557	-560	-58	826
-556	-558	-58	894
-554	-557	-49	917
-553	-555	-46	838
-551	-554	-53	792
-550	-552	-53	837
-548	-551	-45	863
-547	-549	-44	804
-545	-548	-49	776
-544	-546	-49	825
-542	-544	-43	817
-540	-543	-47	788
-539	-541	-53	794
-537	-539	-49	872
-535	-538	-46	835
-534	-536	-52	797
-532	-534	-53	854
-530	-533	-49	859
-528	-531	-52	835
-526	-529	-55	841
-525	-527	-52	886
-523	-525	-54	855
-521	-523	-59	859
-519	-522	-57	917
-517	-520	-55	917
-515	-518	-57	895
-513	-516	-53	925
-511	-514	-50	902
-509	-512	-52	864
-507	-510	-50	902
-505	-508	-51	879
-503	-506	-55	846
-501	-504	-53	908
-499	-502	-53	896
-497	-499	-56	873
-495	-497	-54	926
-493	-495	-56	921
-491	-493	-57	951
-488	-491	-56	961
-486	-489	-60	937
-484	-486	-61	980
-482	-484	-60	999
-479	-482	-60	965
-477	-480	-55	978
-475	-477	-54	945
-473	-475	-53	938
-470	-473	-52	921
-468	-470	-53	885
-465	-468	-54	928
-463	-466	-58	947
-461	-463	-61	984
-458	-461	-60	1002
-456	-458	-60	968
-453	-456	-58	995
-451	-453	-60	972
-448	-451	-62	1001
-446	-448	-63	1009
-443	-446	-63	1011
-441	-443	-59	1001
-438	-441	-58	960
-436	-438	-54	967
-433	-435	-55	918
-430	-433	-56	966
-428	-430	-59	985
-425	-428	-61	1010
-422	-425	-61	1029
-420	-422	-61	1015
-417	-420	-60	1005
-414	-417	-62	965
-412	-414	-63	981
-409	-411	-66	979
-406	-409	-63	1016
-403	-406	-60	979
-400	-403	-56	994
-398	-400	-56	952
-395	-397	-57	998
-392	-394	-61	1022
-389	-392	-63	1058
-386	-389	-64	1081
-383	-386	-63	1098
-380	-383	-62	1089
-377	-380	-64	1086
-374	-377	-65	1092
-372	-374	-66	1114
-369	-371	-64	1124
-366	-368	-60	1114
-363	-365	-57	1094
-360	-362	-57	1069
-357	-359	-60	1079
-353	-356	-64	1106
-350	-353	-66	1143
-347	-350	-65	1169
-344	-347	-65	1166
-341	-344	-65	1154
-338	-341	-67	1137
-335	-338	-65	1149
-332	-334	-64	1125
-329	-331	-59	1119
-325	-328	-58	1048
-322	-325	-58	1020
-319	-322	-63	982
-316	-318	-65	1000
-313	-315	-67	1020
-309	-312	-65	1051
-306	-309	-65	1056
-303	-306	-66	1080
-300	-302	-66	1103
-296	-299	-66	1092
-293	-296	-62	1092
-290	-292	-60	1028
-287	-289	-59	992
-283	-286	-63	971
-280	-282	-65	1016
-277	-279	-68	1053
-273	-276	-68	1093
-270	-272	-67	1100
-267	-269	-68	1085
-263	-266	-66	1084
-260	-262	-65	1046
-256	-259	-62	1046
-253	-255	-61	1038
-249	-252	-62	1045
-246	-249	-64	1103
-243	-245	-68	1099
-239	-242	-68	1104
-236	-238	-68	1096
-232	-235	-68	1112
-229	-231	-68	1131
-225	-228	-67	1110
-222	-224	-63	1096
-218	-221	-61	1033
-215	-217	-60	1031
-211	-214	-64	1046
-208	-210	-68	1079
-204	-207	-69	1134
-201	-203	-69	1102
-197	-200	-68	1103
-193	-196	-68	1109
-190	-192	-67	1115
-186	-189	-64	1119
-183	-185	-62	1047
-179	-182	-61	1039
-175	-178	-63	1057
-172	-174	-67	1072
-168	-171	-69	1097
-165	-167	-70	1079
-161	-164	-69	1104
-157	-160	-68	1109
-154	-156	-67	1102
-150	-153	-64	1069
-146	-149	-62	1047
-143	-145	-62	1061
-139	-142	-64	1100
-135	-138	-69	1080
-132	-134	-70	1117
-128	-131	-70	1142
-124	-127	-70	1140
-121	-123	-68	1127
-117	-120	-62	1110
-113	-116	-60	1081
-110	-112	-61	1110
-106	-108	-66	1082
-102	-105	-68	1097
-98	-101	-69	1128
-95	-97	-68	1131
-91	-94	-66	1114
-87	-90	-67	1089
-84	-86	-67	1113
-80	-82	-65	1139
-76	-79	-63	1080
-72	-75	-60	1060
-69	-71	-62	1063
-65	-67	-66	1061
-61	-64	-68	1080
-57	-60	-70	1102
-54	-56	-70	1145
-50	-52	-68	1150
-46	-49	-66	1090
-42	-45	-62	1090
-39	-41	-60	1111
-35	-37	-61	1063
-31	-34	-63	1039
-27	-30	-67	1068
-23	-26	-68	1097
-20	-22	-67	1084
-16	-19	-68	1081
-12	-15	-66	1114
-8	-11	-63	1141
-5	-7	-61	1057
-1	-3	-59	1038
3	0	-61	1059
7	4	-65	1061
10	8	-66	1067
14	12	-68	1085
18	15	-68	1108
22	19	-66	1109
25	23	-65	1089
29	27	-62	1107
33	30	-59	1137
37	34	-60	1064
41	38	-63	1053
44	42	-67	1087
48	45	-69	1102
52	49	-68	1091
56	53	-68	1097
59	57	-66	1113
63	61	-63	1118
67	64	-60	1057
71	68	-58	1042
74	72	-60	1078
78	76	-65	1059
82	79	-66	1060
86	83	-68	1086
89	87	-67	1107
93	90	-65	1096
97	94	-63	1062
100	98	-61	1070
104	102	-58	1096
108	105	-59	1046
112	109	-61	1029
115	113	-65	1050
119	116	-67	1086
123	120	-66	1115
126	124	-65	1071
130	127	-63	1067
134	131	-62	1094
137	135	-61	1067
141	139	-58	1029
145	142	-59	1008
148	146	-62	1032
152	149	-63	1088
156	153	-65	1065
159	157	-64	1073
163	160	-63	1078
167	164	-62	1071
170	168	-59	1063
174	171	-59	998
177	175	-57	989
181	178	-59	1002
185	182	-62	1001
188	186	-63	1029
192	189	-65	1000
195	193	-63	1025
199	196	-62	1044
202	200	-61	1026
206	203	-59	1024
209	207	-57	970
213	211	-55	966
217	214	-56	967
220	218	-59	976
224	221	-62	1024
227	224	-64	1008
230	228	-61	1027
234	231	-60	1029
237	235	-58	1045
241	238	-57	1060
244	242	-56	1009
248	245	-53	985
251	249	-55	932
255	252	-56	940
258	256	-60	966
261	259	-62	1010
265	262	-60	1027
268	266	-59	998
272	269	-56	977
275	272	-57	938
278	276	-55	940
282	279	-54	939
285	282	-53	957
288	286	-49	998
292	289	-54	949
295	292	-59	998
298	296	-64	1015
301	299	-61	1037
305	302	-59	992
308	305	-54	957
311	309	-53	927
314	312	-53	925
317	315	-52	937
321	318	-52	949
324	321	-52	965
327	325	-54	958
330	328	-56	1001
333	331	-58	983
336	334	-56	1006
340	337	-56	975
343	340	-53	970
346	343	-53	929
349	346	-51	925
352	349	-51	875
355	352	-47	865
358	356	-49	800
361	359	-50	802
364	362	-55	781
367	364	-56	818
370	367	-57	814
373	370	-53	820
376	373	-52	783
379	376	-50	773
382	379	-52	741
385	382	-50	756
387	385	-50	744
390	388	-47	769
393	391	-47	740
396	394	-47	787
399	396	-52	778
402	399	-53	842
404	402	-55	864
407	405	-52	887
410	408	-50	897
413	410	-49	887
415	413	-48	868
418	416	-49	863
421	418	-47	864
423	421	-47	820
426	424	-43	799
429	426	-44	761
431	429	-45	799
434	432	-49	805
437	434	-51	845
439	437	-51	864
442	439	-51	851
444	442	-47	838
447	444	-48	796
449	447	-45	824
452	449	-46	802
454	452	-46	815
457	454	-44	831
459	457	-44	785
462	459	-39	790
464	462	-40	734
466	464	-42	753
469	466	-44	772
471	469	-49	753
473	471	-48	813
476	473	-48	818
478	476	-46	829
480	478	-42	798
482	480	-43	759
485	482	-41	779
487	485	-42	758
489	487	-44	747
491	489	-41	777
493	491	-41	749
496	493	-40	745
498	495	-35	724
500	497	-37	659
502	500	-39	683
504	502	-39	689
506	504	-44	677
508	506	-45	732
510	508	-42	730
512	510	-44	701
514	511	-41	726
516	513	-37	688
518	515	-39	634
520	517	-39	666
521	519	-36	666
523	521	-40	641
525	523	-41	672
527	525	-36	692
529	526	-35	650
530	528	-37	624
532	530	-32	662
534	532	-30	610
536	533	-35	573
537	535	-37	628
539	537	-33	654
541	538	-36	633
542	540	-43	639
544	542	-40	699
545	543	-35	678
547	545	-38	643
548	546	-41	646
550	548	-34	669
551	549	-29	629
553	551	-34	568
554	552	-38	582
556	554	-32	636
557	555	-26	593
559	556	-30	535
560	558	-39	548
561	559	-36	631
563	560	-26	628
564	562	-25	543
565	563	-34	512
566	564	-37	558
568	565	-27	594
569	567	-17	539
570	568	-22	443
571	569	-36	459
572	570	-42	559
573	571	-30	627
574	572	-17	562
576	573	-20	449
577	575	-37	455
578	576	-50	585
579	576	-45	687
580	577	-27	675
581	578	-14	544
581	579	-20	427
582	580	-40	455
583	581	-53	610
584	582	-46	725
585	583	-24	690
586	583	-5	539
587	584	-5	368
587	585	-26	354
588	586	-51	518
589	587	-60	716
589	587	-47	799
590	588	-23	715
591	588	-2	542
591	589	4	345
592	590	-10	263
593	591	-36	354
593	591	-55	560
594	592	-57	734
594	592	-48	784
595	592	-35	728
595	593	-25	632
596	593	-18	538
596	594	-11	466
596	594	-5	377
597	595	-1	318
597	595	-2	269
597	595	-9	263
598	596	-17	301
598	596	-26	358
598	596	-34	443
599	597	-37	519
599	597	-37	566
599	597	-37	587
599	597	-40	606
599	597	-45	642
599	597	-49	691
599	597	-51	749
599	597	-49	773
599	597	-46	766
599	597	-43	756
599	597	-41	740
599	597	-37	718
599	597	-31	683
599	597	-23	630
599	597	-15	560
599	597	-8	470
599	597	-2	391
599	597	1	316
599	597	4	254
598	597	8	198
598	597	14	133
598	596	20	53
598	596	24	-38
597	596	27	-104
597	596	34	-160
597	595	42	-243
596	595	50	-346
596	594	57	-446
595	594	60	-538
595	593	63	-619
594	593	63	-673
594	592	58	-692
593	592	48	-676
593	591	36	-613
592	591	26	-519
592	590	24	-445
591	590	32	-416
590	589	47	-466
590	588	58	-589
589	587	62	-694
588	587	58	-737
587	586	48	-716
587	585	35	-645
586	584	25	-552
585	584	26	-468
584	583	40	-459
583	582	59	-573
583	581	68	-729
582	580	62	-823
581	579	44	-802
580	578	28	-682
579	578	27	-530
578	577	47	-506
577	576	71	-651
576	574	79	-836
575	573	61	-931
574	572	32	-826
573	571	21	-593
571	570	40	-472
570	569	69	-594
569	568	76	-791
568	566	52	-891
567	565	28	-742
565	564	30	-527
564	563	55	-515
563	562	70	-722
562	560	57	-845
560	559	39	-769
559	558	39	-612
558	556	53	-601
556	555	57	-715
555	553	49	-755
553	552	46	-694
552	550	50	-663
550	549	47	-694
549	547	42	-690
547	546	46	-637
546	544	54	-659
544	543	53	-741
543	541	47	-744
541	540	49	-681
539	538	54	-713
538	536	51	-748
536	535	48	-724
534	533	51	-681
533	531	50	-723
531	529	46	-715
529	528	49	-660
527	526	55	-694
525	524	53	-746
524	522	53	-727
522	520	56	-740
520	519	53	-761
518	517	50	-743
516	515	53	-718
514	513	51	-741
512	511	49	-724
510	509	52	-689
508	507	53	-727
506	505	53	-732
504	503	57	-728
502	501	55	-758
500	499	53	-750
498	497	54	-744
496	495	50	-751
494	492	51	-711
492	490	55	-723
490	488	55	-750
487	486	58	-747
485	484	58	-788
483	482	54	-809
481	479	55	-771
478	477	52	-769
476	475	52	-738
474	472	55	-750
472	470	55	-786
469	468	58	-765
467	465	58	-785
464	463	56	-787
462	461	55	-784
460	458	52	-792
457	456	54	-749
455	453	56	-753
452	451	59	-755
450	449	61	-786
447	446	58	-825
445	443	56	-818
442	441	53	-808
440	438	54	-760
437	436	56	-771
435	433	59	-779
432	431	61	-823
429	428	59	-843
427	425	57	-856
424	423	53	-860
421	420	55	-818
419	417	57	-821
416	415	61	-808
413	412	61	-835
411	409	60	-819
408	406	56	-830
405	404	54	-791
402	401	55	-784
399	398	58	-806
397	395	62	-826
394	392	62	-864
391	390	60	-889
388	387	55	-886
385	384	56	-863
382	381	58	-874
379	378	63	-902
376	375	63	-954
373	372	61	-972
371	369	56	-976
368	366	56	-931
365	363	57	-933
362	360	62	-956
359	357	64	-996
356	354	63	-1022
352	351	57	-1011
349	348	56	-962
346	345	57	-940
343	342	63	-935
340	339	64	-970
337	336	62	-990
334	333	57	-965
331	329	55	-936
328	326	58	-883
324	323	63	-883
321	320	66	-893
318	317	62	-913
315	314	59	-857
312	310	56	-843
308	307	57	-840
305	304	62	-871
302	301	67	-922
299	297	64	-960
295	294	59	-954
292	291	56	-891
289	288	60	-862
286	284	66	-873
282	281	65	-910
279	278	62	-903
276	274	58	-908
272	271	60	-884
269	268	64	-905
265	264	65	-949
262	261	62	-931
259	257	58	-903
255	254	59	-848
252	251	63	-892
248	247	66	-947
245	244	63	-970
242	240	60	-957
238	237	60	-890
235	233	62	-869
231	230	66	-907
228	226	64	-950
224	223	61	-952
221	219	59	-897
217	216	61	-870
214	212	66	-874
210	209	65	-937
207	205	62	-943
203	202	60	-899
200	198	61	-880
196	195	65	-852
192	191	64	-913
189	188	62	-920
185	184	60	-892
182	180	61	-866
178	177	65	-862
174	173	64	-931
171	170	62	-949
167	166	60	-901
164	162	61	-883
160	159	65	-898
156	155	64	-938
153	151	62	-953
149	148	60	-902
145	144	61	-897
142	141	65	-933
138	137	65	-962
134	133	62	-947
131	129	61	-900
127	126	62	-919
123	122	65	-936
120	118	64	-929
116	115	61	-906
112	111	61	-923
109	107	62	-930
105	104	64	-931
101	100	64	-901
97	96	61	-945
94	92	61	-936
90	89	63	-904
86	85	64	-896
83	81	64	-931
79	78	61	-941
75	74	61	-913
71	70	64	-877
68	66	64	-932
64	63	63	-955
60	59	62	-920
56	55	61	-908
53	51	64	-922
49	48	64	-932
45	44	62	-921
41	40	61	-913
38	36	62	-922
34	33	64	-927
30	29	64	-907
26	25	61	-948
22	21	61	-934
19	17	62	-896
15	14	63	-894
11	10	63	-919
7	6	61	-926
4	2	60	-903
0	-1	64	-894
-4	-5	64	-931
-8	-9	62	-948
-11	-13	61	-895
-15	-16	61	-896
-19	-20	63	-899
-23	-24	63	-899
-27	-28	61	-887
-30	-32	61	-915
-34	-35	62	-912
-38	-39	63	-890
-42	-43	64	-889
-45	-47	61	-904
-49	-50	60	-905
-53	-54	62	-873
-57	-58	63	-894
-60	-62	63	-916
-64	-65	61	-909
-68	-69	60	-890
-72	-73	63	-896
-75	-77	63	-925
-79	-80	62	-939
-83	-84	60	-894
-87	-88	59	-900
-90	-92	61	-901
-94	-95	58	-889
-98	-99	58	-864
-101	-103	62	-895
-105	-106	64	-940
-109	-110	64	-949
-113	-114	61	-918
-116	-118	57	-925
-120	-121	58	-898
-124	-125	61	-882
-127	-129	63	-895
-131	-132	62	-910
-135	-136	58	-911
-138	-140	57	-897
-142	-143	60	-850
-146	-147	61	-876
-149	-151	62	-898
-153	-154	59	-899
-157	-158	57	-887
-160	-162	59	-829
-164	-165	60	-869
-168	-169	60	-884
-171	-172	58	-872
-175	-176	57	-849
-178	-180	59	-832
-182	-183	60	-875
-186	-187	59	-889
-189	-190	58	-863
-193	-194	56	-857
-196	-198	59	-846
-200	-201	59	-885
-203	-205	59	-902
-207	-208	57	-874
-210	-212	56	-850
-214	-215	58	-834
-218	-219	58	-875
-221	-222	59	-884
-225	-226	57	-862
-228	-229	55	-841
-232	-233	57	-802
-235	-236	57	-833
-238	-240	59	-856
-242	-243	56	-879
-245	-247	55	-872
-249	-250	57	-831
-252	-254	57	-819
-256	-257	58	-824
-259	-260	56	-862
-262	-264	55	-847
-266	-267	55	-835
-269	-270	56	-848
-273	-274	57	-832
-276	-277	56	-831
-279	-281	55	-798
-283	-284	54	-812
-286	-287	56	-815
-289	-291	56	-843
-293	-294	56	-856
-296	-297	54	-832
-299	-300	53	-830
-302	-304	54	-796
-306	-307	55	-800
-309	-310	57	-775
-312	-313	54	-791
-315	-317	54	-796
-318	-320	53	-804
-322	-323	55	-810
-325	-326	55	-839
-328	-329	55	-841
-331	-333	53	-844
-334	-336	52	-836
-337	-339	52	-805
-341	-342	54	-814
-344	-345	55	-799
-347	-348	54	-813
-350	-351	52	-777
-353	-354	51	-765
-356	-357	53	-735
-359	-360	53	-746
-362	-363	54	-737
-365	-366	52	-745
-368	-369	51	-711
-371	-372	49	-712
-374	-375	52	-687
-377	-378	52	-701
-380	-381	53	-705
-383	-384	52	-712
-386	-387	51	-683
-388	-390	50	-676
-391	-393	51	-662
-394	-396	52	-689
-397	-398	52	-685
-400	-401	51	-714
-403	-404	49	-714
-405	-407	48	-704
-408	-410	48	-700
-411	-412	51	-703
-414	-415	50	-749
-416	-418	51	-759
-419	-421	48	-755
-422	-423	48	-692
-424	-426	47	-686
-427	-429	49	-660
-430	-431	49	-697
-432	-434	49	-703
-435	-436	49	-708
-438	-439	47	-725
-440	-442	47	-711
-443	-444	45	-711
-445	-447	47	-668
-448	-449	48	-695
-450	-452	48	-698
-453	-454	46	-704
-455	-457	43	-698
-458	-459	47	-659
-460	-462	47	-669
-463	-464	47	-649
-465	-466	47	-668
-467	-469	44	-668
-470	-471	46	-630
-472	-473	45	-638
-474	-476	44	-616
-477	-478	44	-626
-479	-480	42	-627
-481	-483	44	-586
-483	-485	45	-619
-486	-487	44	-629
-488	-489	46	-636
-490	-492	43	-646
-492	-494	42	-608
-494	-496	43	-601
-497	-498	41	-613
-499	-500	44	-584
-501	-502	44	-615
-503	-504	41	-634
-505	-506	43	-590
-507	-508	43	-617
-509	-510	40	-635
-511	-512	41	-592
-513	-514	41	-609
-515	-516	38	-603
-517	-518	42	-560
-519	-520	43	-596
-521	-522	39	-608
-522	-524	41	-572
-524	-526	43	-578
-526	-528	39	-600
-528	-529	38	-559
-530	-531	41	-562
-531	-533	38	-576
-533	-535	36	-544
-535	-536	41	-513
-537	-538	41	-565
-538	-540	36	-571
-540	-541	38	-520
-542	-543	43	-544
-543	-545	38	-591
-545	-546	33	-562
-546	-548	37	-505
-548	-549	39	-531
-549	-551	34	-551
-551	-552	31	-493
-552	-554	39	-462
-554	-555	42	-525
-555	-557	34	-550
-557	-558	30	-494
-558	-560	38	-450
-560	-561	45	-526
-561	-563	37	-603
-562	-564	27	-555
-564	-565	30	-456
-565	-566	40	-453
-566	-568	41	-532
-567	-569	29	-540
-569	-570	24	-463
-570	-571	33	-393
-571	-572	45	-451
-572	-574	40	-552
-573	-575	25	-531
-574	-576	20	-415
-576	-577	34	-344
-577	-578	52	-441
-578	-579	50	-609
-579	-580	27	-625
-580	-581	9	-454
-581	-582	19	-305
-582	-583	47	-354
-582	-584	62	-574
-583	-585	47	-725
-584	-586	16	-635
-585	-587	-1	-391
-586	-587	15	-231
-587	-588	50	-323
-588	-589	72	-559
-588	-590	66	-758
-589	-591	38	-728
-590	-592	9	-540
-590	-592	0	-300
-591	-592	17	-201
-592	-593	45	-311
-592	-594	60	-526
-593	-595	54	-669
-594	-595	40	-647
-594	-596	31	-547
-595	-596	28	-459
-595	-597	25	-431
-596	-597	18	-399
-596	-598	10	-342
-597	-598	9	-265
-597	-598	16	-239
-597	-599	32	-276
-598	-599	44	-397
-598	-600	44	-512
-598	-600	39	-541
-599	-600	36	-512
-599	-601	38	-503
-599	-601	44	-525
-600	-601	47	-570
-600	-602	44	-608
-600	-602	34	-591
-600	-602	24	-510
-600	-602	21	-426
-600	-602	22	-391
-600	-602	22	-388
-600	-602	17	-362
-600	-602	9	-309
-600	-602	3	-227
-600	-602	1	-152
-600	-602	-1	-124
-600	-602	-8	-83
-600	-602	-16	-3
-600	-602	-22	94
-600	-602	-26	173
-600	-602	-29	241
-600	-602	-31	302
-600	-602	-29	348
-599	-602	-26	363
-599	-601	-25	354
-599	-601	-25	359
-599	-601	-21	362
-598	-601	-16	336
-598	-600	-12	297
-598	-600	-11	268
-597	-599	-14	255
-597	-599	-18	267
-596	-599	-27	310
-596	-598	-37	394
-595	-597	-49	491
-595	-597	-62	624
-594	-596	-71	767
-594	-596	-73	883
-593	-596	-67	932
-593	-595	-56	909
-592	-595	-41	827
-591	-594	-28	721
-591	-593	-22	616
-590	-592	-28	560
-589	-591	-45	592
-588	-591	-64	723
-588	-590	-71	895
-587	-589	-65	988
-586	-589	-47	955
-585	-588	-28	824
-584	-587	-18	667
-584	-586	-28	567
-583	-585	-51	610
-582	-584	-69	784
-581	-583	-68	941
-580	-582	-48	933
-579	-581	-25	806
-578	-580	-18	613
-577	-579	-37	530
-576	-578	-66	662
-575	-577	-78	847
-574	-576	-65	984
-572	-575	-39	931
-571	-574	-26	736
-570	-572	-39	607
-569	-571	-59	679
-568	-570	-63	852
-566	-569	-48	922
-565	-568	-36	822
-564	-566	-41	712
-563	-565	-52	732
-561	-564	-53	836
-560	-562	-47	856
-558	-561	-49	812
-557	-559	-57	816
-556	-558	-57	879
-554	-557	-48	895
-553	-555	-46	829
-551	-554	-53	794
-550	-552	-54	857
-548	-551	-46	870
-547	-549	-44	797
-545	-547	-50	765
-544	-546	-49	821
-542	-544	-44	798
-540	-543	-48	775
-539	-541	-53	785
-537	-539	-49	860
-535	-538	-46	832
-534	-536	-52	790
-532	-534	-53	844
-530	-532	-49	851
-528	-531	-52	828
-526	-529	-55	827
-525	-527	-52	879
-523	-525	-54	857
-521	-523	-59	867
-519	-521	-57	921
-517	-520	-55	917
-515	-518	-57	894
-513	-516	-53	926
-511	-514	-49	892
-509	-512	-52	844
-507	-510	-49	874
-505	-508	-50	851
-503	-506	-54	826
-501	-504	-52	893
-499	-501	-53	878
-497	-499	-56	859
-495	-497	-54	908
-493	-495	-55	906
-491	-493	-57	928
-488	-491	-55	934
-486	-489	-60	910
-484	-486	-60	962
-482	-484	-59	986
-479	-482	-60	951
-477	-480	-55	970
-475	-477	-54	934
-472	-475	-53	930
-470	-473	-52	919
-468	-470	-53	889
-465	-468	-54	921
-463	-465	-59	940
-461	-463	-61	981
-458	-461	-59	988
-456	-458	-60	950
-453	-456	-57	970
-451	-453	-60	948
-448	-451	-62	993
-446	-448	-62	1006
-443	-446	-63	1013
-441	-443	-59	1004
-438	-441	-57	946
-436	-438	-53	940
-433	-435	-55	895
-430	-433	-56	956
-428	-430	-59	978
-425	-427	-61	1011
-422	-425	-60	1035
-420	-422	-61	1014
-417	-419	-59	992
-414	-417	-63	948
-411	-414	-63	981
-409	-411	-65	978
-406	-408	-62	1018
-403	-406	-60	985
-400	-403	-56	1005
-398	-400	-57	959
-395	-397	-57	1004
-392	-394	-61	1023
-389	-391	-63	1061
-386	-389	-64	1078
-383	-386	-64	1090
-380	-383	-64	1085
-377	-380	-65	1093
-374	-377	-65	1090
-371	-374	-66	1105
-369	-371	-63	1109
-366	-368	-60	1096
-363	-365	-57	1080
-360	-362	-57	1061
-356	-359	-60	1073
-353	-356	-64	1100
-350	-353	-65	1127
-347	-350	-65	1147
-344	-347	-65	1145
-341	-344	-65	1126
-338	-341	-67	1111
-335	-337	-66	1125
-332	-334	-64	1101
-329	-331	-59	1088
-325	-328	-58	1013
-322	-325	-58	983
-319	-322	-63	941
-316	-318	-65	983
-313	-315	-66	1007
-309	-312	-65	1043
-306	-309	-65	1053
-303	-305	-65	1071
-300	-302	-66	1103
-296	-299	-65	1092
-293	-296	-62	1109
-290	-292	-60	1046
-287	-289	-59	1005
-283	-286	-63	977
-280	-282	-66	1027
-277	-279	-67	1055
-273	-276	-67	1089
-270	-272	-66	1096
-266	-269	-68	1084
-263	-266	-67	1082
-260	-262	-66	1046
-256	-259	-62	1055
-253	-255	-60	1046
-249	-252	-61	1041
-246	-248	-63	1100
-243	-245	-67	1094
-239	-242	-68	1092
-236	-238	-69	1084
-232	-235	-68	1107
-229	-231	-68	1121
-225	-228	-66	1103
-222	-224	-62	1083
-218	-221	-61	1022
-215	-217	-61	1022
-211	-214	-64	1042
-208	-210	-68	1073
-204	-207	-68	1123
-201	-203	-69	1087
-197	-199	-67	1094
-193	-196	-68	1108
-190	-192	-68	1112
-186	-189	-64	1118
-183	-185	-62	1052
-179	-182	-60	1037
-175	-178	-63	1052
-172	-174	-67	1060
-168	-171	-68	1079
-165	-167	-70	1077
-161	-164	-69	1107
-157	-160	-68	1115
-154	-156	-67	1095
-150	-153	-63	1067
-146	-149	-61	1057
-143	-145	-61	1066
-139	-142	-64	1119
-135	-138	-68	1100
-132	-134	-69	1128
-128	-131	-69	1155
-124	-127	-69	1148
-121	-123	-67	1128
-117	-119	-62	1106
-113	-116	-61	1085
-110	-112	-62	1119
-106	-108	-66	1084
-102	-105	-67	1107
-98	-101	-68	1134
-95	-97	-68	1128
-91	-94	-66	1101
-87	-90	-67	1086
-84	-86	-67	1119
-80	-82	-65	1157
-76	-79	-63	1095
-72	-75	-61	1073
-69	-71	-62	1078
-65	-67	-66	1080
-61	-64	-68	1078
-57	-60	-70	1103
-54	-56	-70	1142
-50	-52	-68	1152
-46	-49	-67	1094
-42	-45	-63	1094
-39	-41	-60	1114
-35	-37	-61	1055
-31	-33	-63	1042
-27	-30	-66	1069
-23	-26	-68	1093
-20	-22	-68	1081
-16	-18	-68	1087
-12	-15	-66	1123
-8	-11	-63	1142
-5	-7	-60	1073
-1	-3	-59	1052
3	1	-61	1075
7	4	-66	1070
10	8	-68	1071
14	12	-68	1102
18	15	-67	1116
22	19	-65	1113
26	23	-64	1089
29	27	-61	1103
33	31	-59	1131
37	34	-60	1067
41	38	-63	1070
44	42	-66	1101
48	46	-68	1104
52	49	-67	1083
56	53	-67	1085
59	57	-66	1111
63	61	-62	1106
67	64	-60	1041
71	68	-58	1024
74	72	-60	1066
78	76	-65	1049
82	79	-66	1053
86	83	-67	1078
89	87	-67	1096
93	91	-64	1097
97	94	-63	1053
100	98	-60	1066
104	102	-58	1087
108	105	-59	1033
112	109	-60	1012
115	113	-64	1029
119	117	-66	1072
123	120	-65	1088
126	124	-64	1051
130	128	-62	1048
134	131	-61	1065
137	135	-60	1027
141	139	-57	989
145	142	-58	975
148	146	-61	1006
152	150	-63	1047
156	153	-65	1031
159	157	-64	1053
163	160	-63	1061
167	164	-61	1045
170	168	-59	1033
174	171	-58	972
177	175	-56	966
181	179	-57	973
185	182	-60	971
188	186	-62	1002
192	189	-64	988
195	193	-63	1015
199	196	-62	1039
202	200	-60	1023
206	204	-58	1014
209	207	-57	959
213	211	-55	960
217	214	-56	963
220	218	-59	972
224	221	-61	1024
227	225	-62	993
231	228	-60	1014
234	232	-59	1010
237	235	-58	1025
241	239	-57	1039
244	242	-56	1002
248	245	-53	976
251	249	-54	944
255	252	-56	959
258	256	-60	983
261	259	-61	1027
265	262	-60	1041
268	266	-59	1007
272	269	-56	975
275	273	-56	924
278	276	-55	924
282	279	-54	929
285	283	-53	943
288	286	-49	990
292	289	-53	938
295	292	-58	993
298	296	-63	1017
301	299	-61	1036
305	302	-58	983
308	305	-54	950
311	309	-53	933
314	312	-52	933
318	315	-52	940
321	318	-51	947
324	322	-51	968
327	325	-54	962
330	328	-56	1001
333	331	-58	992
336	334	-56	1012
340	337	-55	971
343	340	-52	961
346	343	-53	913
349	346	-50	899
352	350	-50	843
355	353	-47	835
358	356	-49	773
361	359	-50	777
364	362	-54	765
367	365	-55	792
370	368	-57	782
373	371	-53	800
376	373	-52	765
379	376	-49	755
382	379	-51	715
385	382	-49	728
387	385	-49	722
390	388	-45	737
393	391	-46	702
396	394	-46	741
399	397	-51	731
402	399	-52	813
404	402	-54	834
407	405	-52	856
410	408	-50	864
413	410	-48	871
415	413	-48	856
418	416	-48	861
421	419	-46	860
424	421	-46	818
426	424	-42	797
429	427	-43	755
431	429	-44	800
434	432	-48	802
437	434	-50	839
439	437	-50	857
442	439	-50	848
444	442	-46	826
447	445	-46	782
449	447	-44	799
452	450	-45	778
454	452	-45	797
457	454	-43	800
459	457	-43	755
462	459	-39	758
464	462	-40	709
466	464	-41	731
469	466	-43	742
471	469	-48	729
473	471	-47	790
476	473	-48	800
478	476	-46	825
480	478	-42	794
482	480	-43	739
485	482	-40	760
487	485	-41	746
489	487	-43	726
491	489	-40	758
493	491	-40	725
496	493	-39	736
498	495	-34	707
500	498	-37	645
502	500	-38	675
504	502	-38	670
506	504	-44	655
508	506	-44	711
510	508	-41	698
512	510	-43	670
514	512	-41	700
516	514	-36	675
518	516	-39	632
520	517	-38	661
521	519	-35	647
523	521	-38	616
525	523	-40	650
527	525	-34	679
529	527	-34	641
530	528	-37	612
532	530	-32	659
534	532	-29	620
536	534	-35	579
537	535	-36	629
539	537	-32	651
541	538	-35	619
542	540	-42	631
544	542	-39	693
545	543	-34	667
547	545	-37	628
549	546	-39	630
550	548	-33	654
551	549	-27	611
553	551	-33	555
554	552	-37	575
556	554	-32	631
557	555	-26	600
559	557	-29	532
560	558	-38	553
561	559	-35	627
563	560	-25	616
564	562	-24	541
565	563	-33	514
566	564	-36	561
568	565	-25	596
569	567	-15	534
570	568	-20	435
571	569	-35	448
572	570	-40	552
573	571	-29	614
575	572	-16	545
576	573	-18	438
577	575	-35	437
578	576	-48	560
579	577	-43	664
580	577	-25	650
581	578	-12	520
581	579	-19	404
582	580	-39	438
583	581	-52	603
584	582	-45	711
585	583	-23	679
586	583	-3	516
587	584	-4	331
587	585	-25	311
588	586	-50	476
589	587	-59	682
590	587	-46	770
590	588	-22	688
591	588	-1	510
591	589	5	315
592	590	-9	234
593	591	-35	322
593	591	-55	539
594	592	-57	722
594	592	-47	773
595	592	-35	719
595	593	-24	618
596	593	-17	521
596	594	-11	446
596	594	-5	383
597	595	0	310
597	595	-1	249
597	595	-8	233
598	596	-17	273
598	596	-26	342
598	597	-34	426
599	597	-37	500
599	597	-37	543
599	597	-37	554
599	597	-40	569
599	597	-45	605
599	597	-50	667
599	597	-51	722
599	598	-49	747
599	598	-45	751
599	598	-42	736
599	598	-40	708
599	598	-37	689
599	598	-30	671
599	598	-22	618
599	597	-14	540
599	597	-8	453
599	597	-3	373
599	597	0	304
599	597	3	248
598	597	7	195
598	597	14	134
598	596	20	52
598	596	23	-29
597	596	26	-94
597	596	33	-154
597	595	42	-246
596	595	50	-361
596	595	56	-472
595	594	60	-567
595	594	63	-630
594	593	63	-685
594	592	58	-713
593	592	48	-697
593	591	35	-635
592	591	26	-542
592	590	24	-464
591	590	31	-443
590	589	46	-487
590	588	58	-612
589	588	62	-706
588	587	58	-747
587	586	48	-715
587	585	34	-643
586	584	24	-550
585	584	25	-467
584	583	40	-456
583	582	59	-560
583	581	68	-723
582	580	62	-817
581	579	44	-782
580	578	27	-661
579	578	26	-522
578	577	46	-491
577	576	72	-641
576	574	79	-829
575	573	60	-924
574	572	32	-816
573	571	21	-593
571	570	40	-472
570	569	68	-598
569	568	75	-794
568	566	51	-890
567	565	27	-738
565	564	30	-529
564	563	55	-519
563	562	69	-718
562	560	56	-838
560	559	39	-751
559	558	39	-607
557	556	53	-596
556	555	57	-716
555	553	49	-757
553	552	46	-688
552	550	50	-654
550	549	48	-698
549	547	42	-681
547	546	46	-627
546	544	54	-640
544	543	53	-726
543	541	47	-739
541	540	49	-679
539	538	54	-705
538	536	51	-739
536	535	48	-717
534	533	52	-676
533	531	50	-711
531	529	46	-714
529	528	49	-668
527	526	55	-705
525	524	53	-757
524	522	54	-733
522	521	57	-753
520	519	52	-773
518	517	50	-744
516	515	53	-717
514	513	50	-736
512	511	48	-721
510	509	52	-699
508	507	52	-732
506	505	53	-736
504	503	57	-725
502	501	55	-749
500	499	53	-750
498	497	54	-742
496	495	50	-748
494	493	51	-709
492	490	55	-729
490	488	55	-772
487	486	58	-762
485	484	57	-806
483	482	54	-811
481	479	55	-775
478	477	52	-773
476	475	52	-742
474	473	54	-747
471	470	54	-792
469	468	58	-769
467	466	57	-796
464	463	56	-797
462	461	55	-797
460	458	52	-805
457	456	54	-753
455	454	56	-757
452	451	59	-752
450	449	60	-796
447	446	57	-820
445	444	56	-805
442	441	52	-799
440	438	54	-753
437	436	55	-769
435	433	58	-777
432	431	61	-817
429	428	59	-845
427	425	57	-853
424	423	53	-867
421	420	55	-824
419	417	56	-818
416	415	61	-803
413	412	61	-825
410	409	60	-813
408	406	57	-834
405	404	54	-794
402	401	55	-790
399	398	58	-809
397	395	63	-836
394	393	62	-876
391	390	60	-895
388	387	55	-890
385	384	56	-857
382	381	58	-873
379	378	63	-903
376	375	63	-958
373	372	61	-976
370	369	56	-971
368	366	56	-934
365	363	57	-938
362	360	63	-957
359	357	64	-1001
355	354	63	-1020
352	351	57	-1018
349	348	56	-961
346	345	58	-938
343	342	63	-932
340	339	65	-973
337	336	63	-1003
334	333	58	-976
331	330	55	-943
328	326	58	-886
324	323	63	-883
321	320	66	-904
318	317	62	-925
315	314	59	-872
312	310	52	-843
308	307	59	-800
305	304	66	-868
302	301	69	-938
299	298	62	-972
295	294	56	-943
292	291	55	-863
289	288	61	-845
286	284	67	-851
282	281	65	-903
279	278	61	-903
276	274	57	-903
272	271	60	-884
269	268	64	-907
265	264	66	-958
262	261	62	-944
259	257	58	-910
255	254	59	-854
252	251	62	-891
248	247	66	-938
245	244	63	-969
242	240	59	-948
238	237	59	-888
235	233	62	-881
231	230	66	-910
228	227	64	-954
224	223	60	-957
221	220	58	-905
217	216	61	-890
214	213	66	-889
210	209	65	-959
207	205	62	-967
203	202	60	-915
200	198	61	-900
196	195	65	-878
192	191	64	-939
189	188	62	-949
185	184	60	-907
182	180	61	-879
178	177	65	-888
174	173	65	-942
171	170	62	-959
167	166	60	-911
164	162	61	-888
160	159	65	-918
156	155	64	-953
153	152	61	-962
149	148	60	-913
145	144	61	-904
142	141	65	-943
138	137	65	-960
134	133	62	-942
131	130	61	-895
127	126	62	-914
123	122	65	-935
120	119	64	-923
116	115	61	-907
112	111	61	-919
109	107	63	-926
105	104	65	-919
101	100	65	-896
97	96	62	-932
94	93	62	-920
90	89	63	-884
86	85	64	-884
83	81	64	-912
79	78	61	-922
75	74	61	-898
71	70	64	-877
68	66	65	-935
64	63	64	-959
60	59	62	-925
56	55	61	-908
53	51	64	-917
49	48	64	-926
45	44	62	-910
41	40	62	-907
38	36	63	-914
34	33	64	-924
30	29	64	-900
26	25	62	-942
22	21	61	-932
19	18	62	-897
15	14	63	-908
11	10	63	-930
7	6	61	-934
4	2	61	-915
0	-1	64	-907
-4	-5	64	-944
-8	-9	62	-958
-11	-13	61	-911
-15	-16	60	-908
-19	-20	63	-909
-23	-24	63	-908
-27	-28	61	-893
-30	-31	61	-912
-34	-35	61	-905
-38	-39	62	-885
-42	-43	63	-882
-45	-47	61	-904
-49	-50	60	-910
-53	-54	62	-884
-57	-58	62	-907
-60	-62	63	-925
-64	-65	60	-908
-68	-69	60	-878
-72	-73	63	-892
-75	-76	63	-925
-79	-80	61	-927
-83	-84	60	-881
-87	-88	59	-897
-90	-91	62	-900
-94	-95	58	-899
-98	-99	59	-865
-101	-103	62	-891
-105	-106	64	-931
-109	-110	64	-942
-113	-114	61	-895
-116	-117	58	-913
-120	-121	58	-891
-124	-125	61	-862
-127	-129	62	-872
-131	-132	62	-899
-135	-136	59	-906
-138	-140	58	-891
-142	-143	60	-848
-146	-147	61	-881
-149	-151	62	-912
-153	-154	59	-903
-157	-158	57	-878
-160	-161	59	-826
-164	-165	60	-876
-168	-169	60	-894
-171	-172	59	-877
-175	-176	58	-856
-178	-180	60	-849
-182	-183	60	-881
-186	-187	60	-899
-189	-190	58	-867
-193	-194	57	-857
-196	-198	59	-847
-200	-201	59	-870
-203	-205	59	-890
-207	-208	57	-860
-211	-212	56	-844
-214	-215	59	-832
-218	-219	59	-872
-221	-222	59	-885
-225	-226	57	-855
-228	-229	55	-843
-232	-233	57	-801
-235	-236	58	-835
-238	-240	59	-858
-242	-243	56	-878
-245	-247	55	-869
-249	-250	57	-826
-252	-253	57	-823
-256	-257	58	-821
-259	-260	56	-853
-262	-264	55	-842
-266	-267	55	-831
-269	-270	56	-844
-273	-274	57	-834
-276	-277	56	-827
-279	-281	55	-790
-283	-284	54	-811
-286	-287	56	-825
-289	-290	56	-850
-293	-294	56	-852
-296	-297	54	-824
-299	-300	53	-825
-302	-304	54	-793
-306	-307	55	-789
-309	-310	56	-759
-312	-313	54	-779
-315	-317	53	-776
-319	-320	53	-793
-322	-323	55	-804
-325	-326	55	-831
-328	-329	55	-835
-331	-332	53	-836
-334	-336	52	-829
-337	-339	52	-797
-341	-342	54	-810
-344	-345	55	-804
-347	-348	54	-812
-350	-351	52	-780
-353	-354	51	-759
-356	-357	53	-729
-359	-360	53	-734
-362	-363	54	-721
-365	-366	52	-732
-368	-369	51	-696
-371	-372	49	-700
-374	-375	51	-669
-377	-378	52	-689
-380	-381	53	-687
-383	-384	51	-695
-386	-387	50	-679
-388	-390	49	-677
-391	-393	51	-656
-394	-395	52	-686
-397	-398	51	-675
-400	-401	51	-704
-403	-404	49	-701
-405	-407	48	-700
-408	-410	48	-698
-411	-412	51	-704
-414	-415	50	-753
-416	-418	51	-765
-419	-420	48	-765
-422	-423	48	-696
-425	-426	47	-689
-427	-428	49	-669
-430	-431	49	-700
-432	-434	49	-701
-435	-436	49	-701
-438	-439	46	-715
-440	-442	47	-711
-443	-444	45	-710
-445	-447	48	-670
-448	-449	48	-698
-450	-452	48	-694
-453	-454	46	-701
-455	-457	44	-687
-458	-459	47	-637
-460	-462	47	-664
-463	-464	48	-653
-465	-466	47	-665
-467	-469	44	-678
-470	-471	46	-643
-472	-473	45	-654
-474	-476	45	-627
-477	-478	45	-638
-479	-480	42	-650
-481	-483	45	-620
-483	-485	45	-652
-486	-487	44	-657
-488	-489	46	-656
-490	-491	43	-677
-492	-494	42	-635
-494	-496	43	-627
-497	-498	41	-631
-499	-500	44	-607
-501	-502	44	-636
-503	-504	41	-647
-505	-506	44	-609
-507	-508	43	-635
-509	-510	40	-650
-511	-512	41	-589
-513	-514	41	-607
-515	-516	38	-609
-517	-518	42	-560
-519	-520	43	-597
-521	-522	40	-608
-522	-524	41	-568
-524	-526	43	-577
-526	-528	39	-593
-528	-529	38	-547
-530	-531	41	-550
-531	-533	38	-572
-533	-535	36	-546
-535	-536	41	-510
-537	-538	41	-566
-538	-540	36	-564
-540	-541	38	-516
-542	-543	43	-535
-543	-545	38	-570
-545	-546	33	-531
-546	-548	37	-474
-548	-549	40	-507
-550	-551	34	-526
-551	-552	31	-477
-553	-554	39	-446
-554	-555	43	-507
-555	-557	35	-533
-557	-558	30	-479
-558	-560	38	-436
-560	-561	45	-495
-561	-562	37	-570
-562	-564	28	-530
-564	-565	30	-436
-565	-566	41	-444
-566	-568	41	-537
-567	-569	30	-541
-569	-570	24	-460
-570	-571	34	-395
-571	-572	46	-453
-572	-574	40	-556
-573	-575	25	-542
-574	-576	20	-418
-576	-577	34	-355
-577	-578	52	-451
-578	-579	50	-612
-579	-580	27	-624
-580	-581	9	-445
-581	-582	19	-287
-582	-583	47	-336
-582	-584	62	-549
-583	-585	47	-687
-584	-586	16	-597
-585	-587	-1	-349
-586	-587	15	-192
-587	-588	50	-303
-588	-589	72	-546
-588	-590	65	-738
-589	-591	37	-725
-590	-591	9	-531
-591	-592	0	-297
-591	-592	18	-195
-592	-593	45	-320
-592	-594	60	-539
-593	-595	54	-672
-594	-595	40	-646
-594	-596	31	-544
-595	-596	28	-455
-595	-597	25	-436
-596	-597	18	-403
-596	-598	10	-348
-597	-598	9	-272
-597	-598	17	-244
-597	-599	32	-284
-598	-599	45	-405
-598	-600	45	-507
-598	-600	39	-534
-599	-600	37	-507
-599	-601	40	-502
-599	-601	45	-526
-600	-601	48	-573
-600	-601	45	-613
-600	-602	35	-596
-600	-602	25	-519
-600	-602	22	-433
-600	-602	23	-394
-600	-602	23	-382
-600	-602	18	-370
-600	-602	10	-314
-600	-602	4	-237
-600	-602	2	-164
-600	-602	0	-116
-600	-602	-7	-80
-600	-602	-16	0
-600	-602	-22	93
-600	-602	-26	177
-600	-602	-29	246
-600	-602	-31	300
-600	-602	-29	343
-599	-602	-26	356
-599	-601	-25	351
-599	-601	-25	363
-599	-601	-21	366
-598	-601	-16	342
-598	-600	-12	305
-597	-600	-11	276
-597	-599	-14	259
-597	-599	-19	282
-596	-598	-27	328
-596	-598	-36	411
-595	-597	-49	503
-595	-597	-63	629
-594	-596	-71	789
-594	-596	-73	901
-593	-595	-67	955
-593	-595	-56	930
-592	-594	-41	842
-591	-594	-28	722
-591	-593	-22	622
-590	-592	-28	558
-589	-591	-45	589
-588	-590	-64	718
-588	-590	-71	877
-587	-589	-65	968
-586	-589	-47	928
-585	-588	-28	804
-584	-587	-18	653
-584	-586	-28	555
-583	-585	-51	605
-582	-584	-70	786
-581	-583	-69	943
-580	-582	-49	944
-579	-581	-25	817
-578	-580	-19	624
-577	-579	-38	545
-576	-578	-66	678
-575	-577	-78	860
-574	-576	-65	992
-572	-575	-38	936
-571	-574	-26	736
-570	-572	-39	609
-569	-571	-60	688
-568	-570	-63	857
-566	-569	-48	921
-565	-567	-36	818
-564	-566	-41	710
-563	-565	-52	736
-561	-563	-53	825
-560	-562	-47	841
-558	-561	-50	798
-557	-559	-58	815
-556	-558	-57	887
-554	-557	-48	907
-553	-555	-46	840
-551	-553	-53	808
-550	-552	-54	853
-548	-551	-45	865
-547	-549	-44	794
-545	-547	-50	764
-544	-546	-49	825
-542	-544	-44	810
-540	-542	-48	777
-539	-541	-54	791
-537	-539	-49	864
-535	-538	-47	832
-534	-536	-52	797
-532	-534	-53	857
-530	-532	-49	864
-528	-530	-52	840
-526	-529	-55	850
-525	-527	-52	896
-523	-525	-54	876
-521	-523	-59	885
-519	-521	-57	936
-517	-519	-55	926
-515	-517	-57	897
-513	-516	-53	931
-511	-514	-50	901
-509	-512	-52	864
-507	-510	-50	900
-505	-507	-50	883
-503	-505	-54	862
-501	-503	-53	927
-499	-501	-53	910
-497	-499	-57	891
-495	-497	-54	926
-493	-495	-55	918
-490	-493	-57	944
-488	-491	-55	938
-486	-488	-60	913
-484	-486	-61	963
-482	-484	-60	982
-479	-482	-61	958
-477	-479	-56	977
-475	-477	-55	948
-472	-475	-53	934
-470	-472	-52	904
-468	-470	-53	871
-465	-468	-54	912
-463	-465	-59	925
-461	-463	-62	978
-458	-460	-59	989
-456	-458	-60	945
-453	-456	-57	974
-451	-453	-60	953
-448	-451	-62	993
-446	-448	-63	1009
-443	-446	-63	1022
-441	-443	-59	1010
-438	-440	-57	951
-436	-438	-53	952
-433	-435	-55	915
-430	-433	-56	973
-428	-430	-59	994
-425	-427	-61	1019
-422	-425	-61	1041
-420	-422	-62	1026
-417	-419	-61	1010
-414	-417	-64	977
-411	-414	-63	998
-409	-411	-65	986
-406	-408	-61	1019
-403	-406	-60	989
-400	-403	-56	1002
-398	-400	-57	969
-395	-397	-58	1013
-392	-394	-61	1031
-389	-391	-63	1073
-386	-388	-64	1091
-383	-386	-63	1105
-380	-383	-64	1100
-377	-380	-65	1108
-374	-377	-65	1111
-371	-374	-66	1119
-368	-371	-63	1127
-366	-368	-60	1118
-363	-365	-57	1101
-359	-362	-58	1083
-356	-359	-61	1093
-353	-356	-64	1119
-350	-353	-65	1144
-347	-350	-64	1164
-344	-347	-65	1159
-341	-344	-65	1143
-338	-340	-67	1121
-335	-337	-65	1137
-332	-334	-64	1111
-329	-331	-59	1096
-325	-328	-58	1017
-322	-325	-58	983
-319	-321	-63	950
-316	-318	-66	981
-313	-315	-68	1011
-309	-312	-67	1054
-306	-309	-67	1064
-303	-305	-68	1090
-300	-302	-67	1102
-296	-299	-66	1094
-293	-296	-61	1097
-290	-292	-60	1018
-287	-289	-59	983
-283	-286	-64	974
-280	-282	-66	1021
-277	-279	-67	1065
-273	-276	-67	1102
-270	-272	-66	1113
-266	-269	-67	1095
-263	-265	-66	1088
-260	-262	-66	1060
-256	-259	-62	1067
-253	-255	-60	1050
-249	-252	-61	1044
-246	-248	-63	1105
-243	-245	-67	1099
-239	-241	-68	1108
-236	-238	-69	1108
-232	-235	-68	1118
-229	-231	-67	1133
-225	-228	-66	1111
-222	-224	-62	1091
-218	-221	-61	1033
-215	-217	-61	1023
-211	-213	-64	1046
-208	-210	-68	1077
-204	-206	-68	1126
-200	-203	-69	1081
-197	-199	-67	1090
-193	-196	-68	1101
-190	-192	-68	1104
-186	-189	-64	1110
-183	-185	-62	1050
-179	-181	-61	1046
-175	-178	-64	1068
-172	-174	-67	1077
-168	-171	-68	1097
-165	-167	-69	1087
-161	-163	-69	1109
-157	-160	-68	1116
-154	-156	-67	1098
-150	-152	-63	1065
-146	-149	-61	1045
-143	-145	-61	1049
-139	-141	-64	1089
-135	-138	-68	1064
-132	-134	-69	1107
-128	-130	-69	1138
-124	-127	-69	1133
-121	-123	-67	1118
-117	-119	-62	1109
-113	-116	-61	1086
-110	-112	-62	1115
-106	-108	-65	1090
-102	-104	-67	1107
-98	-101	-68	1130
-95	-97	-68	1129
-91	-93	-66	1102
-87	-90	-67	1091
-83	-86	-67	1130
-80	-82	-65	1154
-76	-78	-63	1089
-72	-75	-61	1072
-69	-71	-63	1078
-65	-67	-67	1083
-61	-63	-68	1085
-57	-60	-69	1110
-54	-56	-69	1148
-50	-52	-68	1150
-46	-48	-67	1090
-42	-45	-63	1092
-38	-41	-61	1133
-35	-37	-62	1078
-31	-33	-64	1062
-27	-30	-68	1090
-23	-26	-69	1110
-20	-22	-68	1109
-16	-18	-68	1105
-12	-15	-66	1129
-8	-11	-62	1137
-5	-7	-61	1067
-1	-3	-59	1054
3	1	-61	1087
7	4	-66	1083
10	8	-68	1074
14	12	-68	1101
18	16	-67	1116
22	19	-65	1102
26	23	-64	1078
29	27	-62	1092
33	31	-59	1116
37	35	-60	1052
41	38	-62	1050
44	42	-66	1088
48	46	-68	1103
52	49	-67	1086
56	53	-67	1102
59	57	-66	1132
63	61	-63	1127
67	65	-61	1071
71	68	-59	1059
74	72	-61	1079
78	76	-65	1067
82	79	-67	1064
86	83	-67	1088
89	87	-66	1090
93	91	-64	1087
97	94	-63	1058
100	98	-61	1075
104	102	-58	1115
108	106	-59	1063
112	109	-62	1052
115	113	-65	1077
119	117	-67	1119
123	120	-66	1117
126	124	-65	1074
130	128	-63	1078
134	131	-61	1101
137	135	-60	1059
141	139	-57	1009
145	142	-59	998
148	146	-62	1025
152	150	-63	1076
156	153	-65	1049
159	157	-63	1062
163	161	-63	1074
167	164	-61	1061
170	168	-59	1042
174	172	-58	991
177	175	-56	985
181	179	-58	999
185	182	-62	1000
188	186	-64	1017
192	189	-65	996
195	193	-63	1028
199	197	-61	1038
202	200	-60	1012
206	204	-58	1001
210	207	-57	953
213	211	-55	948
217	214	-56	958
220	218	-59	964
224	221	-61	1005
227	225	-63	987
231	228	-61	1004
234	232	-60	1003
238	235	-59	1024
241	239	-58	1045
244	242	-57	1018
248	246	-54	992
251	249	-55	957
255	252	-57	965
258	256	-60	984
261	259	-61	1022
265	263	-61	1031
268	266	-60	1013
272	269	-58	985
275	273	-57	954
278	276	-55	959
282	279	-53	954
285	283	-52	958
288	286	-49	994
292	289	-54	934
295	293	-59	990
298	296	-63	1010
301	299	-61	1024
305	302	-58	984
308	306	-53	953
311	309	-53	919
314	312	-53	925
318	315	-52	937
321	318	-51	950
324	322	-51	973
327	325	-54	956
330	328	-56	998
333	331	-58	989
336	334	-56	1015
340	337	-56	980
343	340	-52	973
346	344	-53	920
349	347	-51	904
352	350	-52	852
355	353	-48	837
358	356	-49	773
361	359	-50	765
364	362	-54	746
367	365	-55	770
370	368	-57	769
373	371	-53	789
376	374	-52	747
379	377	-49	747
382	379	-51	708
385	382	-49	722
387	385	-49	702
390	388	-46	722
393	391	-46	692
396	394	-46	739
399	397	-51	741
402	399	-52	817
404	402	-54	828
407	405	-52	847
410	408	-50	847
413	411	-48	854
415	413	-48	843
418	416	-49	850
421	419	-47	849
424	421	-47	811
426	424	-43	804
429	427	-44	752
431	429	-44	799
434	432	-48	794
437	434	-50	836
439	437	-50	846
442	440	-50	850
444	442	-46	830
447	445	-46	789
449	447	-44	796
452	450	-46	780
454	452	-46	802
457	455	-44	813
459	457	-44	768
462	459	-40	779
464	462	-41	726
466	464	-42	753
469	467	-44	766
471	469	-49	746
473	471	-47	806
476	474	-47	806
478	476	-46	813
480	478	-42	793
482	480	-43	748
485	483	-40	771
487	485	-41	755
489	487	-43	732
491	489	-40	755
493	491	-40	729
496	493	-39	733
498	496	-34	711
500	498	-37	659
502	500	-39	678
504	502	-38	668
506	504	-44	653
508	506	-44	715
510	508	-42	714
512	510	-43	682
514	512	-41	710
516	514	-36	686
518	516	-39	640
520	517	-39	670
521	519	-36	668
523	521	-39	637
525	523	-40	666
527	525	-35	691
529	527	-34	653
530	528	-36	625
532	530	-32	666
534	532	-29	620
536	534	-35	585
537	535	-36	642
539	537	-32	656
541	539	-35	623
542	540	-41	635
544	542	-39	695
545	543	-34	670
547	545	-37	631
549	546	-39	637
550	548	-32	652
552	549	-27	604
553	551	-33	553
554	552	-37	576
556	554	-31	624
557	555	-25	585
559	557	-29	524
560	558	-38	546
561	559	-35	625
563	561	-25	623
564	562	-24	548
565	563	-33	509
566	564	-35	555
568	566	-25	587
569	567	-16	533
570	568	-21	441
571	569	-35	459
572	570	-41	559
573	571	-29	615
575	572	-16	553
576	574	-18	456
577	575	-35	454
578	576	-48	572
579	577	-43	681
580	577	-25	663
581	578	-13	536
581	579	-20	438
582	581	-40	468
583	581	-52	629
584	582	-44	735
585	583	-22	702
586	584	-3	533
587	585	-5	355
587	586	-27	338
588	586	-52	502
589	587	-59	705
590	587	-46	785
590	588	-22	682
591	589	0	496
591	589	5	310
592	590	-10	239
593	591	-36	337
593	592	-55	539
594	592	-57	715
594	592	-47	759
595	593	-35	699
595	593	-25	605
596	593	-18	511
596	594	-12	439
596	594	-5	367
597	595	-1	293
597	595	-2	239
597	596	-8	232
598	596	-17	274
598	596	-27	344
598	597	-34	428
599	597	-37	505
599	597	-37	549
599	597	-37	572
599	597	-40	589
599	597	-45	632
599	597	-50	693
599	598	-51	749
599	598	-48	778
599	598	-45	776
599	598	-42	757
599	598	-40	728
599	598	-36	713
599	598	-30	680
599	598	-22	621
599	598	-14	539
599	597	-8	461
599	597	-2	373
599	597	1	301
599	597	4	240
598	597	8	182
598	597	14	119
598	597	20	39
598	596	24	-45
597	596	27	-110
597	596	34	-160
596	595	42	-246
596	595	50	-360
596	595	57	-464
595	594	60	-555
595	594	63	-626
594	593	62	-679
594	592	58	-701
593	592	47	-681
593	591	35	-620
592	591	26	-525
592	590	24	-452
591	590	32	-430
590	589	47	-483
590	588	58	-607
589	588	62	-712
588	587	58	-755
587	586	48	-733
587	585	34	-656
586	585	25	-563
585	584	25	-484
584	583	40	-469
583	582	59	-572
583	581	68	-736
582	580	61	-825
581	579	44	-785
580	578	27	-661
579	578	27	-516
578	577	47	-488
577	576	72	-641
576	574	78	-826
575	573	60	-921
574	572	31	-816
573	571	21	-587
571	570	41	-468
570	569	69	-595
569	568	75	-793
568	566	51	-888
567	565	27	-733
565	564	30	-529
564	563	56	-520
563	562	69	-716
562	560	56	-839
560	559	38	-753
559	558	39	-600
557	556	53	-592
556	555	57	-711
555	553	49	-744
553	552	46	-685
552	551	50	-657
550	549	47	-692
549	548	42	-677
547	546	46	-623
546	545	55	-652
544	543	53	-740
543	541	47	-738
541	540	49	-682
539	538	54	-710
538	536	51	-737
536	535	48	-715
534	533	52	-683
533	531	50	-729
531	530	46	-723
529	528	49	-674
527	526	55	-709
525	524	53	-752
524	522	53	-733
522	521	57	-749
520	519	52	-760
518	517	50	-739
516	515	53	-716
514	513	51	-737
512	511	49	-721
510	509	53	-702
508	507	53	-735
506	505	53	-738
504	503	57	-740
502	501	55	-771
500	499	53	-766
498	497	54	-760
496	495	50	-760
494	493	51	-719
492	490	56	-736
489	488	55	-778
487	486	58	-763
485	484	57	-798
483	482	54	-801
481	479	55	-767
478	477	52	-772
476	475	52	-739
474	473	55	-742
471	470	55	-785
469	468	58	-762
467	466	57	-777
464	463	56	-780
462	461	56	-790
460	458	52	-807
457	456	54	-761
455	454	56	-761
452	451	59	-754
450	449	61	-797
447	446	58	-835
445	444	57	-829
442	441	53	-815
440	439	54	-760
437	436	56	-771
435	433	59	-773
432	431	61	-815
429	428	59	-840
427	425	57	-852
424	423	54	-860
421	420	55	-815
419	417	57	-811
416	415	61	-793
413	412	61	-817
410	409	60	-806
408	407	57	-824
405	404	54	-783
402	401	55	-783
399	398	58	-801
397	395	62	-839
394	393	62	-881
391	390	60	-902
388	387	55	-896
385	384	56	-865
382	381	58	-883
379	378	63	-900
376	375	63	-954
373	372	61	-957
370	369	56	-957
367	366	56	-915
365	363	57	-919
362	360	62	-946
358	357	63	-988
355	354	62	-1013
352	351	57	-1004
349	348	56	-954
346	345	58	-933
343	342	63	-928
340	339	64	-969
337	336	62	-991
334	333	57	-954
331	330	55	-923
328	326	59	-877
324	323	63	-883
321	320	66	-900
318	317	62	-922
315	314	58	-871
312	311	53	-854
308	307	59	-812
305	304	66	-886
302	301	69	-962
299	298	62	-990
295	294	56	-953
292	291	55	-874
289	288	61	-853
286	284	67	-864
282	281	65	-911
279	278	61	-917
276	274	56	-909
272	271	60	-880
269	268	64	-904
265	264	66	-949
262	261	62	-940
259	258	58	-910
255	254	59	-858
252	251	62	-888
248	247	66	-936
245	244	64	-961
242	240	60	-946
238	237	59	-881
235	234	62	-876
231	230	66	-908
228	227	64	-952
224	223	61	-955
221	220	59	-901
217	216	61	-885
214	213	66	-902
210	209	65	-963
207	205	62	-973
203	202	60	-917
199	198	61	-897
196	195	66	-877
192	191	65	-939
189	188	62	-959
185	184	60	-913
182	181	61	-880
178	177	66	-884
174	173	65	-943
171	170	63	-962
167	166	61	-916
164	162	62	-900
160	159	66	-921
156	155	65	-958
153	152	62	-964
149	148	60	-918
145	144	62	-903
142	141	65	-927
138	137	65	-949
134	133	62	-935
131	130	61	-888
127	126	62	-914
123	122	65	-939
120	119	64	-926
116	115	61	-900
112	111	61	-924
109	107	63	-925
105	104	65	-919
101	100	64	-902
97	96	61	-930
94	93	61	-924
90	89	63	-890
86	85	64	-895
82	81	63	-925
79	78	61	-926
75	74	61	-897
71	70	64	-882
68	66	64	-929
64	63	63	-952
60	59	62	-916
56	55	62	-905
53	51	64	-915
49	48	64	-921
45	44	61	-909
41	40	61	-905
37	36	63	-922
34	33	64	-920
30	29	64	-899
26	25	61	-935
22	21	60	-920
19	18	62	-883
15	14	63	-884
11	10	63	-919
7	6	61	-915
4	2	60	-892
0	-1	64	-897
-4	-5	64	-937
-8	-9	63	-951
-12	-13	61	-919
-15	-16	60	-916
-19	-20	63	-921
-23	-24	64	-911
-27	-28	62	-902
-30	-31	61	-923
-34	-35	62	-918
-38	-39	63	-909
-42	-43	63	-900
-45	-46	61	-921
-49	-50	60	-918
-53	-54	62	-890
-57	-58	62	-919
-60	-62	63	-935
-64	-65	60	-909
-68	-69	60	-891
-72	-73	63	-895
-75	-76	63	-925
-79	-80	61	-926
-83	-84	60	-883
-87	-88	60	-898
-90	-91	58	-899
-94	-95	60	-864
-98	-99	63	-867
-102	-103	64	-918
-105	-106	62	-942
-109	-110	61	-919
-113	-114	60	-876
-116	-117	59	-903
-120	-121	61	-909
-124	-125	62	-888
-127	-128	61	-886
-131	-132	61	-895
-135	-136	59	-896
-138	-140	59	-884
-142	-143	61	-858
-146	-147	62	-884
-149	-150	62	-902
-153	-154	59	-887
-157	-158	58	-862
-160	-161	60	-817
-164	-165	61	-873
-168	-169	61	-891
-171	-172	58	-867
-175	-176	57	-848
-178	-180	60	-829
-182	-183	60	-874
-186	-187	60	-896
-189	-190	58	-866
-193	-194	57	-852
-196	-197	59	-843
-200	-201	59	-871
-203	-205	59	-889
-207	-208	57	-861
-211	-212	56	-840
-214	-215	58	-823
-218	-219	58	-859
-221	-222	59	-868
-225	-226	57	-846
-228	-229	56	-829
-232	-233	57	-787
-235	-236	57	-817
-239	-240	58	-837
-242	-243	56	-853
-245	-247	55	-843
-249	-250	57	-807
-252	-253	57	-808
-256	-257	58	-812
-259	-260	55	-850
-262	-264	55	-840
-266	-267	55	-824
-269	-270	56	-832
-273	-274	57	-824
-276	-277	55	-815
-279	-280	55	-779
-283	-284	54	-805
-286	-287	56	-815
-289	-290	56	-844
-293	-294	56	-855
-296	-297	54	-828
-299	-300	53	-822
-302	-304	54	-782
-306	-307	55	-795
-309	-310	56	-777
-312	-313	54	-797
-315	-317	54	-785
-319	-320	53	-797
-322	-323	55	-802
-325	-326	55	-828
-328	-329	55	-835
-331	-332	53	-831
-334	-336	52	-828
-338	-339	52	-792
-341	-342	54	-805
-344	-345	55	-790
-347	-348	54	-807
-350	-351	52	-773
-353	-354	51	-762
-356	-357	53	-729
-359	-360	53	-735
-362	-363	54	-735
-365	-366	52	-744
-368	-369	51	-710
-371	-372	49	-710
-374	-375	51	-683
-377	-378	52	-706
-380	-381	53	-700
-383	-384	51	-715
-386	-387	50	-688
-389	-390	50	-694
-391	-393	52	-672
-394	-395	52	-697
-397	-398	52	-691
-400	-401	51	-717
-403	-404	49	-713
-405	-407	49	-708
-408	-409	48	-707
-411	-412	51	-711
-414	-415	50	-751
-416	-418	51	-754
-419	-420	48	-753
-422	-423	48	-701
-425	-426	47	-694
-427	-428	49	-667
-430	-431	49	-695
-432	-434	49	-695
-435	-436	49	-701
-438	-439	47	-712
-440	-441	47	-699
-443	-444	45	-694
-445	-447	48	-653
-448	-449	48	-682
-450	-452	48	-688
-453	-454	46	-694
-455	-457	44	-683
-458	-459	47	-644
-460	-461	47	-660
-463	-464	48	-645
-465	-466	47	-665
-467	-469	44	-679
-470	-471	47	-647
-472	-473	46	-652
-474	-476	45	-630
-477	-478	45	-635
-479	-480	42	-650
-481	-482	45	-604
-484	-485	45	-641
-486	-487	45	-648
-488	-489	47	-651
-490	-491	43	-669
-492	-494	42	-626
-494	-496	43	-617
-497	-498	41	-629
-499	-500	44	-595
-501	-502	45	-630
-503	-504	41	-651
-505	-506	44	-603
-507	-508	43	-636
-509	-510	40	-638
-511	-512	42	-580
-513	-514	41	-605
-515	-516	38	-610
-517	-518	42	-568
-519	-520	43	-604
-521	-522	40	-624
-522	-524	42	-585
-524	-526	43	-604
-526	-527	39	-621
-528	-529	38	-575
-530	-531	41	-574
-531	-533	38	-597
-533	-535	37	-562
-535	-536	42	-537
-537	-538	41	-587
-538	-540	36	-590
-540	-541	38	-539
-542	-543	43	-570
-543	-545	38	-600
-545	-546	33	-565
-546	-548	37	-505
-548	-549	40	-533
-550	-551	34	-552
-551	-552	32	-503
-553	-554	39	-468
-554	-555	43	-532
-555	-557	35	-556
-557	-558	30	-496
-558	-559	38	-449
-560	-561	45	-517
-561	-562	38	-592
-562	-564	28	-553
-564	-565	31	-458
-565	-566	41	-448
-566	-568	41	-535
-567	-569	30	-544
-569	-570	24	-470
-570	-571	34	-398
-571	-572	46	-457
-572	-574	41	-561
-573	-575	25	-546
-574	-576	20	-432
-576	-577	35	-364
-577	-578	53	-467
-578	-579	50	-627
-579	-580	27	-633
-580	-581	10	-463
-581	-582	19	-309
-582	-583	47	-356
-583	-584	62	-565
-583	-585	47	-705
-584	-586	15	-615
-585	-587	-2	-364
-586	-587	15	-214
-587	-588	50	-308
-588	-589	72	-553
-588	-590	67	-747
-589	-591	39	-738
-590	-591	9	-547
-591	-592	0	-310
-591	-592	18	-213
-592	-593	46	-334
-592	-594	60	-550
-593	-594	54	-678
-594	-595	41	-652
-594	-596	31	-546
-595	-596	27	-462
-595	-597	25	-429
-596	-597	18	-396
-596	-598	10	-335
-597	-598	9	-259
-597	-598	17	-241
-597	-599	32	-290
-598	-599	44	-411
-598	-599	44	-520
-598	-600	39	-526
-599	-600	37	-502
-599	-601	39	-488
-599	-601	44	-520
-600	-601	47	-567
-600	-601	44	-596
-600	-602	35	-581
-600	-602	25	-508
-600	-602	21	-423
-600	-602	23	-378
-600	-602	22	-372
-600	-602	18	-361
-600	-602	10	-309
-600	-602	4	-233
-600	-602	2	-167
-600	-602	0	-129
-600	-602	-7	-84
-600	-602	-16	-9
-600	-602	-22	86
-600	-602	-26	169
-600	-602	-29	235
-600	-602	-30	294
-600	-602	-29	339
-599	-601	-26	357
-599	-601	-25	348
-599	-601	-25	352
-599	-601	-21	350
-598	-600	-16	316
-598	-600	-12	288
-597	-600	-11	261
-597	-599	-14	252
-597	-599	-19	274
-596	-598	-27	323
-596	-598	-36	404
-595	-597	-49	499
-595	-597	-62	620
-594	-596	-71	759
-594	-596	-73	883
-593	-595	-67	941
-593	-595	-56	918
-592	-594	-41	834
-591	-594	-28	723
-591	-593	-22	614
-590	-592	-28	556
-589	-591	-46	582
-588	-590	-64	722
-588	-590	-71	895
-587	-589	-64	986
-586	-588	-47	946
-585	-588	-28	811
-584	-587	-19	656
-584	-586	-28	559
-583	-585	-52	612
-582	-584	-70	795
-581	-583	-68	951
-580	-582	-48	955
-579	-581	-24	821
-578	-580	-18	623
-577	-579	-38	543
-576	-578	-66	674
-575	-577	-78	856
-574	-576	-65	979
-572	-575	-38	922
-571	-574	-26	720
-570	-572	-39	598
-569	-571	-59	678
-568	-570	-63	838
-566	-569	-48	910
-565	-567	-37	823
-564	-566	-42	720
-563	-565	-53	750
-561	-563	-53	851
-560	-562	-47	857
-558	-561	-50	819
-557	-559	-58	826
-556	-558	-57	895
-554	-556	-48	907
-553	-555	-46	831
-551	-553	-53	797
-550	-552	-53	860
-548	-550	-45	873
-547	-549	-44	798
-545	-547	-50	774
-544	-546	-49	829
-542	-544	-44	821
-540	-542	-48	797
-539	-541	-53	814
-537	-539	-49	888
-535	-537	-46	849
-534	-536	-52	811
-532	-534	-53	865
-530	-532	-49	866
-528	-530	-52	842
-526	-529	-56	854
-525	-527	-53	898
-523	-525	-55	881
-521	-523	-59	882
-519	-521	-56	929
-517	-519	-54	916
-515	-517	-57	900
-513	-515	-53	930
-511	-513	-50	903
-509	-511	-52	868
-507	-509	-50	904
-505	-507	-50	881
-503	-505	-54	852
-501	-503	-53	915
-499	-501	-53	905
-497	-499	-56	883
-495	-497	-54	927
-493	-495	-55	915
-490	-493	-57	932
-488	-491	-55	935
-486	-488	-60	905
-484	-486	-61	958
-482	-484	-60	972
-479	-482	-61	947
-477	-479	-56	970
-475	-477	-54	932
-472	-475	-53	920
-470	-472	-52	894
-468	-470	-53	852
-465	-468	-54	895
-463	-465	-59	918
-461	-463	-61	965
-458	-460	-59	987
-456	-458	-59	951
-453	-455	-57	978
-451	-453	-60	950
-448	-451	-62	986
-446	-448	-62	1007
-443	-445	-63	1022
-441	-443	-58	1009
-438	-440	-57	960
-435	-438	-53	953
-433	-435	-55	914
-430	-432	-56	969
-428	-430	-59	993
-425	-427	-61	1021
-422	-425	-60	1042
-420	-422	-62	1027
-417	-419	-61	1009
-414	-416	-64	975
-411	-414	-63	997
-409	-411	-65	984
-406	-408	-62	1008
-403	-405	-61	978
-400	-403	-56	998
-397	-400	-57	953
-395	-397	-57	999
-392	-394	-60	1008
-389	-391	-63	1049
-386	-388	-64	1079
-383	-385	-64	1096
-380	-383	-64	1094
-377	-380	-65	1100
-374	-377	-66	1112
-371	-374	-66	1124
-368	-371	-63	1133
-365	-368	-60	1115
-362	-365	-58	1099
-359	-362	-58	1094
-356	-359	-61	1101
-353	-356	-64	1125
-350	-353	-66	1151
-347	-350	-65	1181
-344	-346	-65	1166
-341	-343	-65	1143
-338	-340	-66	1123
-335	-337	-65	1149
-332	-334	-64	1125
-329	-331	-59	1111
-325	-328	-59	1039
-322	-324	-58	995
-319	-321	-63	959
-316	-318	-65	995
-313	-315	-67	1017
-309	-312	-67	1054
-306	-308	-67	1073
-303	-305	-67	1097
-300	-302	-67	1105
-296	-299	-66	1096
-293	-295	-61	1095
-290	-292	-60	1021
-286	-289	-59	981
-283	-285	-63	979
-280	-282	-66	1028
-276	-279	-67	1065
-273	-275	-67	1100
-270	-272	-66	1113
-266	-269	-67	1091
-263	-265	-66	1080
-260	-262	-65	1054
-256	-259	-62	1065
-253	-255	-60	1057
-249	-252	-61	1053
-246	-248	-63	1107
-242	-245	-67	1095
-239	-241	-68	1094
-236	-238	-69	1102
-232	-234	-68	1116
-229	-231	-67	1133
-225	-227	-66	1113
-222	-224	-62	1086
-218	-220	-61	1027
-215	-217	-61	1021
-211	-213	-65	1045
-208	-210	-68	1069
-204	-206	-68	1110
-200	-203	-68	1070
-197	-199	-67	1075
-193	-196	-68	1092
-190	-192	-68	1099
-186	-189	-64	1102
-183	-185	-62	1047
-179	-181	-61	1038
-175	-178	-63	1055
-172	-174	-67	1063
-168	-170	-68	1068
-165	-167	-70	1064
-161	-163	-69	1087
-157	-160	-68	1095
-154	-156	-67	1073
-150	-152	-63	1045
-146	-149	-61	1034
-143	-145	-61	1040
-139	-141	-64	1090
-135	-138	-69	1074
-132	-134	-69	1117
-128	-130	-69	1146
-124	-127	-69	1135
-121	-123	-67	1110
-117	-119	-62	1100
-113	-116	-61	1082
-109	-112	-63	1124
-106	-108	-67	1091
-102	-104	-68	1119
-98	-101	-69	1146
-95	-97	-69	1139
-91	-93	-67	1118
-87	-90	-68	1111
-83	-86	-67	1140
-80	-82	-64	1168
-76	-78	-62	1106
-72	-74	-60	1083
-68	-71	-62	1093
-65	-67	-67	1081
-61	-63	-68	1091
-57	-60	-69	1118
-53	-56	-69	1152
-50	-52	-67	1151
-46	-48	-66	1099
-42	-45	-63	1106
-38	-41	-60	1146
-35	-37	-61	1082
-31	-33	-64	1061
-27	-29	-67	1094
-23	-26	-69	1121
-20	-22	-68	1121
-16	-18	-68	1116
-12	-14	-66	1141
-8	-11	-64	1149
-5	-7	-62	1073
-1	-3	-60	1057
3	1	-62	1094