0	-1	-41	-54	
0	-1	-41	12	
0	-1	-41	21	
0	-1	-41	-31	
0	-1	-41	-2	
0	-1	-41	-74	
0	-1	-41	31	
0	-1	-41	-32	
0	-1	-41	-51	
0	-1	-41	7	
0	-1	-41	-10	
0	-1	-41	-14	
0	-1	-41	-13	
0	-1	-41	4	
0	-1	-41	-14	
0	-1	-41	7	
0	-1	-41	11	
0	-1	-41	13	
0	-1	-41	-20	
0	-1	-41	-97	
0	-1	-41	-57	
0	-1	-41	-15	
0	-1	-41	-45	
0	-1	-41	-7	
0	-1	-41	-14	
0	-1	-41	-81	
0	-1	-41	-40	
0	-1	-41	22	
0	-1	-41	-2	
0	-1	-41	-75	
0	-1	-41	-3	
0	-1	-41	56	
0	-1	-41	-28	
0	-1	-41	-3	
0	-1	-41	17	
0	-1	-41	-19	
0	-1	-41	-19	
0	-1	-41	-15	
0	-1	-41	27	
0	-1	-41	35	
0	-1	-41	19	
0	-1	-41	-51	
0	-1	-41	-11	
0	-1	-41	58	
0	-1	-41	-44	
0	-1	-41	-60	
0	-1	-41	-22	
0	-1	-41	-44	
0	-1	-41	-28	
0	-1	-41	-18	
0	-1	-41	-44	
0	-1	-41	30	
0	-1	-41	50	
0	-1	-41	-12	
0	-1	-41	-35	
0	-1	-41	13	
0	-1	-41	-32	
0	-1	-41	5	
0	-1	-41	8	
0	-1	-41	28	
0	-1	-41	-23	
0	-1	-41	36	
0	-1	-41	-15	
0	-1	-41	-43	
0	-1	-41	-5	
0	-1	-41	-45	
0	-1	-41	-2	
0	-1	-41	-2	
0	-1	-41	-7	
0	-1	-41	-38	
0	-1	-41	-14	
0	-1	-41	-18	
0	-1	-41	-12	
0	-1	-41	57	
0	-1	-41	-20	
0	-1	-41	-63	
0	-1	-41	5	
0	-1	-41	26	
0	-1	-41	-24	
0	-1	-41	-41	
0	-1	-41	-2	
0	-1	-41	35	
0	-1	-41	7	
0	-1	-41	-19	
0	-1	-41	46	
0	-1	-41	-28	
0	-1	-41	-26	
0	-1	-41	-15	
0	-1	-41	54	
0	-1	-41	24	
0	-1	-41	-32	
0	-1	-41	18	
0	-1	-41	60	
0	-1	-41	65	
0	-1	-41	-17	
0	-1	-41	12	
0	-1	-41	5	
0	-1	-41	21	
0	-1	-41	-23	
0	-1	-41	51	
0	-1	-41	-10	
0	-1	-41	-38	
0	-1	-41	19	
0	-1	-41	12	
0	-1	-41	21	
0	-1	-41	62	
0	-1	-41	7	
0	-1	-41	19	
0	-1	-41	0	
0	-1	-41	-2	
0	-1	-41	0	
0	-1	-41	-30	
0	-1	-41	12	
0	-1	-41	55	
0	-1	-41	-10	
0	-1	-41	37	
0	-1	-41	35	
0	-1	-41	-74	
0	-1	-41	11	
0	-1	-41	24	
0	-1	-41	-64	
0	-1	-41	-51	
0	-1	-41	20	
0	-1	-41	66	
0	-1	-41	12	
0	-1	-41	0	
0	-1	-41	52	
0	-1	-41	34	
0	-1	-41	-20	
0	-1	-41	-44	
0	-1	-41	23	
0	-1	-41	-59	
0	-1	-41	-42	
0	-1	-41	-51	
0	-1	-41	-44	
0	-1	-41	14	
0	-1	-41	-41	
0	-1	-41	-2	
0	-1	-41	16	
0	-1	-41	29	
0	-1	-41	-23	
0	-1	-41	23	
0	-1	-41	-10	
0	-1	-41	16	
0	-1	-41	-38	
0	-1	-41	-2	
0	-1	-41	0	
0	-1	-41	-45	
0	-1	-41	33	
0	-1	-41	-59	
0	-1	-41	0	
0	-1	-41	-24	
0	-1	-41	-48	
0	-1	-41	29	
0	-1	-41	-15	
0	-1	-41	40	
0	-1	-41	46	
0	-1	-41	45	
0	-1	-41	-56	
0	-1	-41	19	
0	-1	-41	7	
0	-1	-41	-45	
0	-1	-41	42	
0	-1	-41	0	
0	-1	-41	-71	
0	-1	-41	14	
0	-1	-41	21	
0	-1	-41	19	
0	-1	-41	5	
0	-1	-41	-37	
0	-1	-41	-2	
0	-1	-41	-22	
0	-1	-41	12	
0	-1	-41	-28	
0	-1	-41	-3	
0	-1	-41	-31	
0	-1	-41	-7	
0	-1	-41	33	
0	-1	-41	13	
0	-1	-41	35	
0	-1	-41	-11	
0	-1	-41	7	
0	-1	-41	36	
0	-1	-41	-9	
0	-1	-41	-50	
0	-1	-41	-9	
0	-1	-41	36	
0	-1	-41	62	
0	-1	-41	29	
0	-1	-41	23	
0	-1	-41	0	
0	-1	-41	-20	
0	-1	-41	5	
0	-1	-41	-29	
0	-1	-41	-15	
0	-1	-41	-7	
0	-1	-41	28	
0	-1	-41	-31	
0	-1	-41	18	
0	-1	-41	-55	
0	-1	-41	43	
0	-1	-41	-14	
0	-1	-41	-57	
0	-1	-41	5	
0	-1	-41	52	
0	-1	-41	8	
0	-1	-41	53	
0	-1	-41	26	
0	-1	-41	-2	
0	-1	-41	-29	
0	-1	-41	-15	
0	-1	-41	27	
0	-1	-41	22	
0	-1	-41	20	
0	-1	-41	-26	
0	-1	-41	23	
0	-1	-41	23	
0	-1	-41	-21	
0	-1	-41	35	
0	-1	-41	-29	
0	-1	-41	37	
0	-1	-41	30	
0	-1	-41	-45	
0	-1	-41	-9	
0	-1	-41	21	
0	-1	-41	59	
0	-1	-41	9	
0	-1	-41	-21	
0	-1	-41	30	
0	-1	-41	23	
0	-1	-41	0	
0	-1	-41	30	
0	-1	-41	49	
0	-1	-41	-28	
0	-1	-41	-4	
0	-1	-41	5	
0	-1	-41	-33	
0	-1	-41	36	
0	-1	-41	7	
0	-1	-41	-49	
0	-1	-41	63	
0	-1	-41	35	
0	-1	-41	-57	
0	-1	-41	21	
0	-1	-41	-79	
0	-1	-41	-15	
0	-1	-41	-38	
0	-1	-41	-42	
0	-1	-41	5	
0	-1	-41	0	
0	-1	-41	-27	
0	-1	-41	-43	
0	-1	-41	29	
0	-1	-41	0	
0	-1	-41	-3	
0	-1	-41	-50	
0	-1	-41	-32	
0	-1	-41	-14	
0	-1	-41	6	
0	-1	-41	-25	
0	-1	-41	6	
0	-1	-41	-23	
0	-1	-41	26	
0	-1	-41	34	
0	-1	-41	-38	
0	-1	-41	-16	
0	-1	-41	-44	
0	-1	-41	-15	
0	-1	-41	-21	
0	-1	-41	28	
0	-1	-41	22	
0	-1	-41	8	
0	-1	-41	10	
0	-1	-41	-21	
0	-1	-41	-3	
0	-1	-41	5	
0	-1	-41	-36	
0	-1	-41	13	
0	-1	-41	-27	
0	-1	-41	-43	
0	-1	-41	-67	
0	-1	-41	21	
0	-1	-41	-2	
0	-1	-41	-9	
0	-1	-41	32	
0	-1	-41	0	
0	-1	-41	40	
0	-1	-41	36	
0	-1	-41	-27	
0	-1	-41	37	
0	-1	-41	18	
0	-1	-41	30	
0	-1	-41	31	
0	-1	-41	6	
0	-1	-41	31	
0	-1	-41	6	
0	-1	-41	-11	
0	-1	-41	0	
0	-1	-41	20	
0	-1	-41	-2	
0	-1	-41	-3	
0	-1	-41	-2	
0	-1	-41	-23	
0	-1	-41	5	
0	-1	-41	23	
0	-1	-41	-27	
0	-1	-41	55	
0	-1	-41	1	
0	-1	-41	0	
0	-1	-41	-35	
0	-1	-41	-16	
0	-1	-41	-4	
0	-1	-41	-15	
0	-1	-41	-21	
0	-1	-41	92	
0	-1	-41	-14	
0	-1	-41	47	
0	-1	-41	18	
0	-1	-41	0	
0	-1	-41	45	
0	-1	-41	-57	
0	-1	-41	0	
0	-1	-41	-36	
0	-1	-41	-16	
0	-1	-41	-23	
0	-1	-41	1	
0	-1	-41	5	
0	-1	-41	-38	
0	-1	-41	37	
0	-1	-41	-9	
0	-1	-41	-44	
0	-1	-41	-57	
0	-1	-41	-24	
0	-1	-41	-7	
0	-1	-41	3	
0	-1	-41	-7	
0	-1	-41	3	
0	-1	-41	-10	
0	-1	-41	-11	
0	-1	-41	-73	
0	-1	-41	0	
0	-1	-41	0	
0	-1	-41	29	
0	-1	-41	21	
0	-1	-41	-32	
0	-1	-41	36	
0	-1	-41	29	
0	-1	-41	-35	
0	-1	-41	-40	
0	-1	-41	13	
0	-1	-41	-57	
0	-1	-41	-10	
0	-1	-41	37	
0	-1	-41	26	
0	-1	-41	-65	
0	-1	-41	14	
0	-1	-41	23	
0	-1	-41	-9	
0	-1	-41	35	
0	-1	-41	-15	
0	-1	-41	-2	
0	-1	-41	5	
0	-1	-41	-45	
0	-1	-41	-68	
0	-1	-41	-26	
0	-1	-41	21	
0	-1	-41	23	
0	-1	-41	-34	
0	-1	-41	-49	
0	-1	-41	62	
0	-1	-41	-38	
0	-1	-41	18	
0	-1	-41	-21	
0	-1	-41	45	
0	-1	-41	-12	
0	-1	-41	-26	
0	-1	-41	29	
0	-1	-41	-16	
0	-1	-41	23	
0	-1	-41	-45	
0	-1	-41	-55	
0	-1	-41	-9	
0	-1	-41	-40	
0	-1	-41	-4	
0	-1	-41	-26	
0	-1	-41	5	
0	-1	-41	-29	
0	-1	-41	28	
0	-1	-41	-2	
0	-1	-41	6	
0	-1	-41	-25	
0	-1	-41	-31	
0	-1	-41	-11	
0	-1	-41	-16	
0	-1	-41	48	
0	-1	-41	42	
0	-1	-41	-23	
0	-1	-41	-21	
0	-1	-41	-24	
0	-1	-41	18	
0	-1	-41	28	
0	-1	-41	101	
0	-1	-41	-44	
0	-1	-41	-25	
0	-1	-41	7	
0	-1	-41	-91	
0	-1	-41	13	
0	-1	-41	-33	
0	-1	-41	82	
0	-1	-41	-51	
0	-1	-41	29	
0	-1	-41	5	
0	-1	-41	11	
0	-1	-41	-43	
0	-1	-41	-18	
0	-1	-41	-47	
0	-1	-41	5	
0	-1	-41	-4	
0	-1	-41	-9	
0	-1	-41	-11	
0	-1	-41	21	
0	-1	-41	0	
0	-1	-41	12	
0	-1	-41	-11	
0	-1	-41	47	
0	-1	-41	-7	
0	-1	-41	-50	
0	-1	-41	20	
0	-1	-41	13	
0	-1	-41	14	
0	-1	-41	43	
0	-1	-41	29	
0	-1	-41	4	
0	-1	-41	-38	
0	-1	-41	6	
0	-1	-41	35	
0	-1	-41	19	
0	-1	-41	-49	
0	-1	-41	12	
0	-1	-41	66	
0	-1	-41	-35	
0	-1	-41	14	
0	-1	-41	-58	
0	-1	-41	19	
0	-1	-41	30	
0	-1	-41	6	
0	-1	-41	-50	
0	-1	-41	-11	
0	-1	-41	44	
0	-1	-41	-22	
0	-1	-41	-16	
0	-1	-41	-14	
0	-1	-41	-7	
0	-1	-41	-62	
0	-1	-41	19	
0	-1	-41	3	
0	-1	-41	42	
0	-1	-41	5	
0	-1	-41	23	
0	-1	-41	15	
0	-1	-41	26	
0	-1	-41	19	
0	-1	-41	-38	
0	-1	-41	5	
0	-1	-41	-30	
0	-1	-41	-59	
0	-1	-41	-65	
0	-1	-41	37	
0	-1	-41	-31	
0	-1	-41	-66	
0	-1	-41	-75	
0	-1	-41	-4	
0	-1	-41	63	
0	-1	-41	-21	
0	-1	-41	-9	
0	-1	-41	-23	
0	-1	-41	6	
0	-1	-41	-28	
0	-1	-41	11	
0	-1	-41	-23	
0	-1	-41	17	
0	-1	-41	-30	
0	-1	-41	58	
0	-1	-41	-12	
0	-1	-41	-2	
0	-1	-41	-16	
0	-1	-41	-25	
0	-1	-41	-35	
0	-1	-41	-86	
0	-1	-41	28	
0	-1	-41	29	
0	-1	-41	-9	
0	-1	-41	4	
0	-1	-41	10	
0	-1	-41	-58	
0	-1	-41	-102	
0	-1	-41	-69	
0	-1	-41	0	
0	-1	-41	21	
0	-1	-41	62	
0	-1	-41	-30	
0	-1	-41	16	
0	-1	-41	3	
0	-1	-41	0	
0	-1	-41	19	
0	-1	-41	-29	
0	-1	-41	-17	
0	-1	-41	-29	
0	-1	-41	-30	
0	-1	-41	6	
0	-1	-41	-7	
0	-1	-41	-2	
0	-1	-41	3	
0	-1	-41	20	
0	-1	-41	7	
0	-1	-41	-7	
0	-1	-41	-4	
0	-1	-41	27	
0	-1	-41	16	
0	-1	-41	71	
0	-1	-41	50	
0	-1	-41	-9	
0	-1	-41	-9	
0	-1	-41	-42	
0	-1	-41	-2	
0	-1	-41	-13	
0	-1	-41	-44	
599	-1	5496	50	
599	-1	5508	1910	
599	0	5549	1922	
599	0	5617	1931	
599	1	5714	1888	
599	3	5843	1947	
599	4	6004	1945	
599	6	6188	1952	
599	8	6397	1845	
599	11	6636	1948	
599	13	6894	1831	
599	16	7178	1895	
599	19	7483	1806	
599	22	7812	1971	
599	26	8163	1656	
599	29	8534	2031	
599	33	8914	2124	
599	37	9309	1893	
599	41	9719	1909	
599	46	10144	2521	
599	50	10581	1625	
599	54	11030	2126	
599	59	11491	1801	
599	64	11961	1909	
599	69	12440	2032	
599	73	12931	1635	
599	78	13435	2053	
599	84	13950	2102	
599	89	14475	1917	
599	94	15008	1770	
599	100	15549	1947	
599	105	16096	1935	
599	111	16653	2353	
599	116	17222	2169	
599	122	17800	2077	
599	128	18386	2048	
599	134	18979	1972	
599	140	19578	2023	
599	146	20184	2119	
599	152	20801	2347	
599	158	21425	2550	
599	165	22055	2413	
599	171	22690	1789	
599	177	23330	1578	
599	184	23976	1785	
599	190	24629	2170	
599	197	25288	2220	
599	204	25952	2020	
599	210	26621	1551	
599	217	27294	1969	
599	224	27975	2945	
599	231	28663	2072	
599	238	29354	1896	
599	245	30049	2049	
599	252	30747	1595	
599	259	31453	2030	
599	266	32165	2827	
599	273	-32655	1717	
599	280	-31936	2039	
599	287	-31215	1532	
599	295	-30488	2285	
599	302	-29756	2181	
599	309	-29020	2066	
599	317	-28283	1721	
599	324	-27543	2006	
599	332	-26797	2450	
599	339	-26048	2234	
599	347	-25295	1681	
599	354	-24541	2261	
599	362	-23783	1673	
599	369	-23020	2359	
599	377	-22255	1685	
599	385	-21488	1728	
599	392	-20721	1870	
599	400	-19950	1765	
599	408	-19174	2412	
599	416	-18397	1722	
599	423	-17612	1818	
599	431	-16834	2075	
599	439	-16052	1689	
599	447	-15267	2240	
599	455	-14479	1848	
599	463	-13691	1765	
599	470	-12900	2161	
599	478	-12106	2001	
599	486	-11309	1910	
599	494	-10512	1996	
599	502	-9714	1927	
599	510	-8913	1852	
599	518	-8111	2150	
599	526	-7307	2222	
599	534	-6504	1624	
599	543	-5699	1855	
599	551	-4891	2664	
599	559	-4082	1956	
599	567	-3273	1395	
599	575	-2464	2299	
599	583	-1653	2303	
599	591	-841	1819	
599	599	-35	280	
599	607	731	-1586	
599	614	1434	-2051	
599	620	2075	-2176	
599	626	2657	-2163	
599	631	3181	-1810	
599	636	3649	-1867	
599	640	4059	-1762	
599	644	4411	-2089	
599	647	4709	-1972	
599	649	4949	-1809	
599	651	5142	-1792	
599	652	5285	-1885	
599	653	5375	-1946	
599	654	5413	-1973	
599	654	5405	-1939	
599	653	5361	-1880	
599	652	5285	-1908	
599	651	5174	-1958	
599	650	5034	-1894	
599	648	4871	-2003	
599	646	4684	-1952	
599	644	4467	-1928	
599	642	4228	-1819	
599	639	3964	-2038	
599	636	3676	-1977	
599	633	3363	-2079	
599	630	3027	-1808	
599	626	2668	-1863	
599	622	2291	-2029	
599	618	1892	-2046	
599	614	1473	-1768	
599	610	1050	-375	
599	606	655	1345	
599	603	314	1878	
599	600	33	1894	
599	598	-192	1864	
599	596	-363	1796	
599	595	-474	1863	
599	594	-530	1847	
599	594	-537	1908	
599	594	-504	1906	
599	595	-437	1857	
599	596	-333	1877	
599	598	-193	2040	
599	599	-29	1960	
599	601	148	1675	
599	603	335	945	
599	605	521	339	
599	606	685	-577	
599	608	818	-1066	
599	609	922	-1378	
599	609	990	-1538	
599	610	1017	-1552	
599	610	1004	-1455	
599	609	969	-1182	
599	609	924	-861	
599	608	877	-708	
599	608	835	-495	
599	608	801	-376	
599	607	780	-321	
599	607	770	-294	
599	607	771	-360	
599	607	775	-333	
599	607	777	-414	
599	607	777	-403	
599	607	776	-439	
599	607	776	-364	
599	607	776	-400	
599	607	776	-412	
599	607	776	-378	
599	607	776	-378	
599	607	776	-423	
599	607	776	-435	
599	607	776	-356	
599	607	776	-374	
599	607	776	-387	
599	607	776	-390	
599	607	776	-359	
599	607	776	-366	
599	607	776	-390	
599	607	776	-349	
599	607	776	-418	
599	607	776	-380	
599	607	776	-363	
599	607	776	-418	
599	607	776	-409	
599	607	776	-409	
599	607	776	-416	
599	607	776	-433	
599	607	776	-431	
599	607	776	-450	
599	607	776	-412	
599	607	776	-398	
599	607	776	-384	
599	607	776	-398	
599	607	776	-358	
599	607	776	-429	
599	607	776	-381	
599	607	776	-424	
599	607	776	-439	
599	607	776	-356	
599	607	776	-461	
599	607	776	-451	
599	607	776	-404	
599	607	776	-393	
599	607	776	-436	
599	607	776	-389	
599	607	776	-410	
599	607	776	-406	
599	607	776	-391	
599	607	776	-430	
599	607	776	-427	
599	607	776	-438	
599	607	776	-422	
599	607	776	-443	
599	607	776	-464	
599	607	776	-411	
599	607	776	-398	
599	607	776	-395	
599	607	776	-378	
599	607	776	-391	
599	607	776	-415	
599	607	776	-428	
599	607	776	-449	
599	607	776	-477	
599	607	776	-400	
599	607	776	-364	
599	607	776	-404	
599	607	776	-421	
599	607	776	-431	
599	607	776	-426	
599	607	776	-467	
599	607	776	-424	
599	607	776	-411	
599	607	776	-418	
599	607	776	-426	
599	607	776	-429	
599	607	776	-395	
599	607	776	-471	
599	607	776	-469	
599	607	776	-432	
599	607	776	-435	
599	607	776	-439	
599	607	776	-458	
599	607	776	-446	
599	607	776	-480	
599	607	776	-433	
599	607	776	-466	
599	607	776	-432	
599	607	776	-429	
599	607	776	-436	
599	607	776	-460	
599	607	776	-469	
599	607	776	-460	
599	607	776	-421	
599	607	776	-429	
599	607	776	-430	
599	607	776	-396	
599	607	776	-463	
599	607	776	-431	
599	607	776	-446	
599	607	776	-435	
599	607	776	-466	
599	607	776	-431	
599	607	776	-463	
599	607	776	-428	
599	607	776	-484	
599	607	776	-470	
599	607	776	-460	
599	607	776	-455	
599	607	776	-445	
599	607	776	-487	
599	607	776	-456	
599	607	776	-476	
599	607	776	-455	
599	607	776	-487	
599	607	776	-455	
599	607	776	-442	
599	607	776	-449	
599	607	776	-461	
599	607	776	-458	
599	607	776	-480	
599	607	776	-472	
599	607	776	-439	
599	607	776	-459	
599	607	776	-421	
599	607	776	-445	
599	607	776	-478	
599	607	776	-439	
599	607	776	-456	
599	607	776	-493	
599	607	776	-437	
599	607	776	-437	
599	607	776	-461	
599	607	776	-498	
599	607	776	-479	
599	607	776	-465	
599	607	776	-421	
599	607	776	-445	
599	607	776	-517	
599	607	776	-489	
599	607	776	-501	
599	607	776	-476	
599	607	776	-469	
599	607	776	-471	
599	607	776	-465	
599	607	776	-472	
599	607	776	-433	
599	607	776	-497	
599	607	776	-471	
599	607	776	-442	
599	607	776	-492	
599	607	776	-504	
599	607	776	-506	
599	607	776	-497	
599	607	776	-467	
599	607	776	-491	
599	607	776	-505	
599	607	776	-492	
599	607	776	-486	
599	607	776	-514	
599	607	776	-500	
599	607	776	-471	
599	607	776	-498	
599	607	776	-498	
599	607	776	-486	
599	607	776	-506	
599	607	776	-461	
599	607	776	-503	
599	607	776	-526	
599	607	776	-451	
599	607	776	-501	
599	607	776	-537	
599	607	776	-475	
599	607	776	-511	
599	607	776	-494	
599	607	776	-501	
599	607	776	-507	
599	607	776	-500	
599	607	776	-493	
599	607	776	-537	
599	607	776	-474	
599	607	776	-492	
599	607	776	-508	
599	607	776	-505	
599	607	776	-484	
599	607	776	-489	
599	607	776	-521	
599	607	776	-502	
599	607	776	-494	
599	607	776	-491	
599	607	776	-481	
599	607	776	-546	
599	607	776	-474	
599	607	776	-490	
599	607	776	-511	
599	607	776	-514	
599	607	776	-477	
599	607	775	-547	
599	607	775	-483	
599	607	775	-544	
599	607	775	-530	
599	607	775	-521	
599	607	775	-530	
599	607	775	-496	
599	607	775	-499	
599	607	775	-484	
599	607	775	-494	
599	607	775	-457	
599	607	775	-513	
599	607	775	-539	
599	607	775	-509	
599	607	775	-526	
599	607	775	-549	
599	607	775	-536	
599	607	775	-533	
599	607	775	-522	
599	607	775	-506	
599	607	775	-537	
599	607	775	-546	
599	607	775	-538	
599	607	775	-533	
599	607	775	-514	
599	607	775	-513	
599	607	775	-545	
599	607	775	-494	
599	607	775	-541	
599	607	775	-514	
599	607	775	-532	
599	607	775	-492	
599	607	775	-501	
599	607	775	-559	
599	607	775	-490	
599	607	775	-568	
599	607	775	-496	
599	607	775	-549	
599	607	775	-512	
599	607	775	-521	
599	607	775	-534	
599	607	775	-525	
599	607	775	-551	
599	607	775	-554	
599	607	775	-484	
599	607	775	-559	
599	607	775	-501	
599	607	775	-539	
599	607	775	-542	
599	607	775	-564	
599	607	775	-510	
599	607	775	-508	
599	607	775	-546	
599	607	775	-531	
599	607	775	-546	
599	607	775	-530	
599	607	775	-560	
599	607	775	-525	
599	607	775	-547	
599	607	775	-560	
599	607	775	-542	
599	607	775	-591	
599	607	775	-528	
599	607	775	-551	
599	607	775	-531	
599	607	775	-545	
599	607	775	-564	
599	607	775	-547	
599	607	775	-539	
599	607	775	-551	
599	607	775	-496	
599	607	775	-555	
599	607	775	-511	
599	607	775	-533	
599	607	775	-579	
599	607	775	-549	
599	607	775	-550	
599	607	775	-523	
599	607	775	-586	
599	607	775	-593	
599	607	775	-545	
599	607	775	-570	
599	607	775	-578	
599	607	775	-597	
599	607	775	-567	
599	607	775	-543	
599	607	775	-552	
599	607	775	-521	
599	607	775	-563	
599	607	775	-568	
599	607	775	-531	
599	607	775	-547	
599	607	775	-585	
599	607	775	-605	
599	607	775	-563	
599	607	775	-590	
599	607	775	-575	
599	607	775	-568	
599	607	775	-567	
599	607	775	-592	
599	607	775	-549	
599	607	775	-553	
599	607	775	-535	
599	607	775	-595	
599	607	775	-568	
599	607	775	-563	
599	607	775	-595	
599	607	775	-604	
599	607	775	-547	
599	607	775	-574	
599	607	775	-604	
599	607	775	-559	
599	607	775	-568	
599	607	775	-562	
599	607	775	-560	
599	607	775	-581	
599	607	775	-572	
599	607	775	-541	
599	607	775	-580	
599	607	775	-576	
599	607	775	-592	
599	607	775	-568	
599	607	775	-597	
599	607	775	-651	
599	607	775	-596	
599	607	775	-621	
599	607	775	-566	
599	607	775	-591	
599	607	775	-568	
599	607	775	-560	
599	607	775	-601	
599	607	775	-589	
599	607	775	-587	
599	607	774	-560	
599	607	774	-562	
599	607	774	-585	
599	607	774	-567	
599	607	774	-617	
599	607	774	-606	
599	607	774	-574	
599	607	774	-610	
599	607	774	-603	
599	607	774	-585	
599	607	774	-615	
599	607	774	-588	
599	607	774	-590	
599	607	774	-634	
599	607	774	-611	
599	607	774	-643	
599	607	774	-575	
599	607	774	-609	
599	607	774	-617	
599	607	774	-574	
599	607	774	-557	
599	607	774	-596	
599	607	774	-588	
599	607	774	-592	
599	607	774	-563	
599	607	774	-613	
599	607	774	-621	
599	607	774	-579	
599	607	774	-583	
599	607	774	-605	
599	607	774	-601	
599	607	774	-603	
599	607	774	-595	
599	607	774	-621	
599	607	774	-600	
599	607	774	-597	
599	607	774	-610	
599	607	774	-617	
599	607	774	-591	
599	607	774	-596	
599	607	774	-623	
599	607	774	-641	
599	607	774	-613	
599	607	774	-624	
599	607	774	-628	
599	607	774	-599	
599	607	774	-621	
599	607	774	-598	
599	607	774	-624	
599	607	774	-611	
599	607	774	-594	
599	607	774	-628	
599	607	774	-578	
599	607	774	-658	
599	607	774	-601	
599	607	774	-631	
599	607	774	-591	
599	607	774	-621	
599	607	774	-641	
599	607	774	-621	
599	607	774	-609	
599	607	774	-632	
599	607	774	-584	
599	607	774	-587	
599	607	774	-629	
599	607	774	-642	
599	607	774	-621	
599	607	774	-599	
599	607	774	-656	
599	607	774	-616	
599	607	774	-642	
599	607	774	-626	
599	607	774	-651	
599	607	774	-630	
599	607	774	-637	
599	607	774	-610	
599	607	774	-636	
599	607	774	-649	
599	607	774	-603	
599	607	774	-616	
599	607	774	-628	
599	607	774	-604	
599	607	774	-635	
599	607	774	-668	
599	607	774	-645	
599	607	774	-631	
599	607	774	-635	
599	607	774	-624	
599	607	774	-596	
599	607	774	-616	
599	607	774	-641	
599	607	774	-666	
599	607	774	-626	
599	607	774	-659	
599	607	774	-579	
599	607	774	-641	
599	607	774	-660	
599	607	774	-687	
599	607	774	-654	
599	607	774	-643	
599	607	774	-633	
599	607	774	-615	
599	607	774	-603	
599	607	774	-610	
599	607	774	-611	
599	607	774	-637	
599	607	774	-668	
599	607	774	-635	
599	607	774	-679	
599	607	773	-624	
599	607	773	-677	
599	607	773	-629	
599	607	773	-618	
599	607	773	-653	
599	607	773	-668	
599	607	773	-682	
599	607	773	-649	
599	607	773	-662	
599	607	773	-661	
599	607	773	-646	
599	607	773	-668	
599	607	773	-657	
599	607	773	-636	
599	607	773	-628	
599	607	773	-615	
599	607	773	-622	
599	607	773	-660	
599	607	773	-631	
599	607	773	-660	
599	607	773	-667	
599	607	773	-679	
599	607	773	-662	
599	607	773	-660	
599	607	773	-666	
599	607	773	-664	
599	607	773	-649	
599	607	773	-663	
599	607	773	-615	
599	607	773	-658	
599	607	773	-673	
599	607	773	-678	
599	607	773	-618	
599	607	773	-620	
599	607	773	-689	
599	607	773	-658	
599	607	773	-634	
599	607	773	-692	
599	607	773	-623	
599	607	773	-674	
599	607	773	-696	
599	607	773	-709	
599	607	773	-712	
599	607	773	-739	
599	607	773	-635	
599	607	773	-658	
599	607	773	-679	
599	607	773	-681	
599	607	773	-698	
599	607	773	-674	
599	607	773	-676	
599	607	773	-713	
599	607	773	-692	
599	607	773	-697	
599	607	773	-677	
599	607	773	-687	
599	607	773	-671	
599	607	773	-645	
599	607	773	-683	
599	607	773	-670	
599	607	773	-677	
599	607	773	-668	
599	607	773	-713	
599	607	773	-666	
599	607	773	-704	
599	607	773	-713	
599	607	773	-684	
599	607	773	-673	
599	607	773	-668	
599	607	773	-714	
599	607	773	-671	
599	607	773	-704	
599	607	773	-671	
599	607	773	-670	
599	607	773	-684	
599	607	773	-701	
599	607	772	-689	
599	607	772	-703	
599	607	772	-679	
599	607	772	-709	
599	607	772	-689	
599	607	772	-649	
599	607	772	-689	
599	607	772	-702	
599	607	772	-697	
599	607	772	-700	
599	607	772	-691	
599	607	772	-694	
599	607	772	-746	
599	607	772	-728	
599	607	772	-666	
599	607	772	-710	
599	607	772	-695	
599	607	772	-732	
599	607	772	-756	
599	607	772	-685	
599	607	772	-699	
599	607	772	-695	
599	607	772	-721	
599	607	772	-703	
599	607	772	-694	
599	607	772	-668	
599	607	772	-719	
599	607	772	-689	
599	607	772	-735	
599	607	772	-666	
599	607	772	-676	
599	607	772	-716	
599	607	772	-737	
599	607	772	-687	
599	607	772	-694	
599	607	772	-662	
599	607	772	-723	
599	607	772	-714	
599	607	772	-681	
599	607	772	-724	
599	607	772	-719	
599	607	772	-700	
599	607	772	-660	
599	607	772	-670	
599	607	772	-687	
599	607	772	-689	
599	607	772	-750	
599	607	772	-698	
599	607	772	-686	
599	607	772	-714	
599	607	772	-698	
599	607	772	-735	
599	607	772	-697	
599	607	772	-735	
599	607	772	-714	
599	607	772	-747	
599	607	772	-697	
599	607	772	-675	
599	607	772	-731	
599	607	772	-731	
599	607	771	-714	
599	607	771	-699	
599	607	771	-735	
599	607	771	-689	
599	607	771	-698	
599	607	771	-724	
599	607	771	-759	
599	607	771	-702	
599	607	771	-732	
599	607	771	-719	
599	607	771	-763	
599	607	771	-710	
599	607	771	-701	
599	607	771	-755	
599	607	771	-711	
599	607	771	-742	
599	607	771	-722	
599	607	771	-772	
599	607	771	-700	
599	607	771	-701	
599	607	771	-740	
599	607	771	-740	
599	607	771	-700	
599	607	771	-769	
599	607	771	-777	
599	607	771	-750	
599	607	771	-714	
599	607	771	-709	
599	607	771	-753	
599	607	771	-730	
599	607	771	-726	
599	607	771	-748	
599	607	771	-736	
599	607	771	-731	
599	607	771	-739	
599	607	771	-689	
599	607	771	-706	
599	607	771	-735	
599	607	771	-750	
599	607	771	-740	
599	607	771	-727	
599	607	771	-782	
599	607	771	-769	
599	607	771	-721	
599	607	771	-723	
599	607	771	-746	
599	607	771	-765	
599	607	771	-782	
599	607	771	-739	
599	607	771	-764	
599	607	771	-708	
599	607	771	-732	
599	607	770	-760	
599	607	770	-744	
599	607	770	-750	
599	607	770	-760	
599	607	770	-765	
599	607	770	-724	
599	607	770	-688	
599	607	770	-740	
599	607	770	-758	
599	607	770	-762	
599	607	770	-767	
599	607	770	-771	
599	607	770	-772	
599	607	770	-743	
599	607	770	-744	
599	607	770	-750	
599	607	770	-781	
599	607	770	-787	
599	607	770	-788	
599	607	770	-741	
599	607	770	-772	
599	607	770	-770	
599	607	770	-779	
599	607	770	-776	
599	607	770	-780	
599	607	770	-712	
599	607	770	-740	
599	607	770	-745	
599	607	770	-765	
599	607	770	-759	
599	607	770	-760	
599	607	770	-757	
599	607	770	-752	
599	607	770	-752	
599	607	770	-769	
599	607	770	-803	
599	607	770	-743	
599	607	770	-794	
599	607	770	-784	
599	607	769	-770	
599	607	769	-778	
599	607	769	-759	
599	607	769	-809	
599	607	769	-786	
599	607	769	-782	
599	607	769	-742	
599	607	769	-798	
599	607	769	-763	
599	607	769	-804	
599	607	769	-772	
599	607	769	-778	
599	607	769	-770	
599	607	769	-745	
599	607	769	-791	
599	607	769	-816	
599	607	769	-785	
599	607	769	-741	
599	607	769	-800	
599	607	769	-766	
599	607	769	-765	
599	607	769	-811	
599	607	769	-791	
599	607	769	-765	
599	607	768	-780	
599	607	768	-860	
599	607	768	-804	
599	607	768	-786	
599	607	768	-788	
599	607	768	-750	
599	607	768	-730	
599	607	768	-798	
599	607	768	-802	
599	607	768	-761	
599	607	768	-790	
599	607	768	-774	
599	607	768	-817	
599	607	767	-775	
599	607	767	-788	
599	607	767	-806	
599	607	767	-769	
599	607	767	-802	
599	607	767	-792	
599	607	767	-847	
599	607	766	-783	
599	607	766	-828	
599	607	766	-780	
599	607	765	-780	
599	607	765	-748	
599	607	763	-742	
599	607	762	-752	
599	607	759	-726	
599	607	756	-744	
599	607	753	-704	
599	607	750	-736	
599	607	748	-700	
599	607	747	-721	
599	607	745	-673	
599	607	744	-697	
599	607	743	-695	
599	607	742	-683	
599	607	742	-710	
599	607	741	-701	
599	607	741	-688	
599	607	741	-701	
599	607	740	-676	
599	607	740	-684	
599	607	740	-680	
599	607	740	-697	
599	607	740	-710	
599	607	739	-684	
599	607	739	-709	
599	607	739	-684	
599	607	739	-679	
599	607	739	-708	
599	607	738	-693	
599	607	738	-704	
599	607	738	-705	
599	607	738	-725	
599	607	738	-663	
599	607	738	-699	
599	607	738	-681	
599	607	737	-658	
599	607	737	-684	
599	607	737	-718	
599	607	737	-700	
599	607	737	-709	
599	607	737	-700	
599	607	737	-701	
599	607	737	-724	
599	607	737	-719	
599	607	737	-717	
599	607	737	-682	
599	607	736	-704	
599	607	736	-728	
599	607	736	-704	
599	607	736	-718	
599	607	736	-700	
599	607	736	-687	
599	607	736	-699	
599	607	736	-688	
599	607	736	-709	
599	607	736	-716	
599	607	736	-705	
599	607	736	-663	
599	607	736	-712	
599	607	736	-699	
599	607	735	-710	
599	607	735	-680	
599	607	735	-697	
599	607	735	-698	
599	607	735	-680	
599	607	735	-714	
599	607	735	-700	
599	607	735	-700	
599	607	735	-692	
599	607	735	-699	
599	607	735	-669	
599	607	735	-735	
599	607	735	-664	
599	607	734	-741	
599	607	734	-725	
599	607	734	-738	
599	607	734	-704	
599	607	734	-677	
599	607	734	-696	
599	607	734	-746	
599	607	734	-665	
599	607	734	-736	
599	607	734	-719	
599	607	734	-710	
599	607	734	-699	
599	607	734	-742	
599	607	733	-712	
599	607	733	-669	
599	607	733	-703	
599	607	733	-693	
599	607	733	-695	
599	607	733	-692	
599	607	733	-718	
599	607	733	-729	
599	607	733	-720	
599	607	733	-715	
599	607	733	-720	
599	607	732	-700	
599	607	732	-709	
599	607	732	-688	
599	607	732	-729	
599	607	732	-698	
599	607	732	-737	
599	607	732	-683	
599	607	732	-698	
599	607	732	-715	
599	607	732	-731	
599	607	732	-697	
599	607	731	-722	
599	607	731	-702	
599	607	731	-736	
599	607	731	-732	
599	607	731	-701	
599	607	731	-698	
599	607	731	-717	
599	607	731	-696	
599	607	731	-685	
599	607	730	-717	
599	607	730	-714	
599	607	730	-716	
599	607	730	-707	
599	607	730	-739	
599	607	730	-692	
599	607	730	-719	
599	607	730	-736	
599	607	730	-733	
599	607	730	-731	
599	607	730	-699	
599	607	729	-717	
599	607	729	-704	
599	607	729	-721	
599	607	729	-692	
599	607	729	-692	
599	607	729	-712	
599	607	729	-744	
599	607	729	-701	
599	607	729	-724	
599	607	729	-704	
599	607	729	-717	
599	607	728	-745	
599	607	728	-721	
599	607	728	-712	
599	607	728	-750	
599	607	728	-711	
599	607	728	-686	
599	607	728	-721	
599	607	728	-717	
599	607	728	-729	
599	607	728	-691	
599	607	728	-742	
599	607	728	-729	
599	607	727	-702	
599	607	727	-726	
599	607	727	-665	
599	607	727	-679	
599	607	727	-737	
599	607	727	-707	
599	607	727	-743	
599	607	727	-687	
599	607	727	-718	
599	607	727	-736	
599	607	726	-712	
599	607	726	-738	
599	607	726	-738	
599	607	726	-703	
599	607	726	-712	
599	607	726	-711	
599	607	726	-758	
599	607	726	-725	
599	607	726	-719	
599	607	726	-711	
599	607	725	-710	
599	607	725	-745	
599	607	725	-706	
599	607	725	-752	
599	607	725	-722	
599	607	725	-692	
599	607	725	-726	
599	607	725	-729	
599	607	725	-727	
599	607	725	-735	
599	607	725	-738	
599	607	724	-739	
599	607	724	-728	
599	607	724	-710	
599	607	724	-728	
599	607	724	-709	
599	607	724	-723	
599	607	724	-717	
599	607	724	-713	
599	607	724	-731	
599	607	724	-712	
599	607	724	-727	
599	607	723	-712	
599	607	723	-731	
599	607	723	-745	
599	607	723	-726	
599	607	723	-729	
599	607	723	-729	
599	607	723	-715	
599	607	723	-735	
599	607	723	-712	
599	607	723	-718	
599	607	722	-743	
599	607	722	-729	
599	607	722	-729	
599	607	722	-731	
599	607	722	-743	
599	607	722	-701	
599	607	722	-706	
599	607	722	-715	
599	607	722	-706	
599	607	721	-709	
599	607	721	-740	
599	607	721	-714	
599	607	721	-717	
599	607	721	-736	
599	607	721	-754	
599	607	721	-754	
599	607	721	-741	
599	607	720	-735	
599	607	720	-732	
599	607	720	-724	
599	607	720	-700	
599	607	720	-760	
599	607	720	-771	
599	607	720	-725	
599	607	719	-740	
599	607	719	-722	
599	607	719	-718	
599	607	719	-731	
599	607	719	-696	
599	607	719	-728	
599	607	719	-732	
599	607	719	-729	
599	607	718	-695	
599	607	718	-751	
599	607	718	-724	
599	607	718	-750	
599	607	718	-731	
599	607	718	-741	
599	607	718	-734	
599	607	718	-734	
599	607	717	-754	
599	607	717	-749	
599	607	717	-748	
599	607	717	-716	
599	607	717	-760	
599	607	717	-737	
599	607	717	-746	
599	607	716	-746	
599	607	716	-714	
599	607	716	-740	
599	607	716	-755	
599	607	716	-734	
599	607	716	-733	
599	607	716	-699	
599	607	716	-703	
599	607	715	-731	
599	607	715	-739	
599	607	715	-726	
599	607	715	-737	
599	607	715	-703	
599	607	715	-729	
599	607	715	-729	
599	607	715	-742	
599	607	715	-731	
599	607	714	-694	
599	607	714	-719	
599	607	714	-731	
599	607	714	-737	
599	607	714	-729	
599	607	714	-731	
599	607	714	-722	
599	607	713	-747	
599	607	713	-726	
599	607	713	-731	
599	607	713	-737	
599	607	713	-729	
599	607	713	-745	
599	607	713	-727	
599	607	713	-727	
599	607	713	-735	
599	607	713	-705	
599	607	712	-721	
599	607	712	-729	
599	607	712	-758	
599	607	712	-718	
599	607	712	-739	
599	607	712	-733	
599	607	712	-728	
599	607	712	-690	
599	607	712	-742	
599	607	712	-754	
599	607	711	-715	
599	607	711	-728	
599	607	711	-762	
599	607	711	-775	
599	607	711	-725	
599	607	711	-750	
599	607	711	-750	
599	607	711	-727	
599	607	711	-691	
599	607	711	-750	
599	607	710	-729	
599	607	710	-738	
599	607	710	-733	
599	607	710	-756	
599	607	710	-749	
599	607	710	-743	
599	607	710	-743	
599	607	710	-733	
599	607	710	-765	
599	607	710	-746	
599	607	709	-726	
599	607	709	-756	
599	607	709	-737	
599	607	709	-731	
599	607	709	-753	
599	607	709	-748	
599	607	709	-761	
599	607	709	-751	
599	607	708	-745	
599	607	708	-743	
599	607	708	-723	
599	607	708	-743	
599	607	708	-690	
599	607	708	-781	
599	607	708	-710	
599	607	708	-734	
599	607	708	-711	
599	607	708	-719	
599	607	707	-755	
599	607	707	-779	
599	607	707	-705	
599	607	707	-713	
599	607	707	-753	
599	607	707	-743	
599	607	706	-747	
599	607	706	-751	
599	607	706	-736	
599	607	706	-738	
599	607	706	-749	
599	607	705	-739	
599	607	705	-733	
599	607	705	-745	
599	607	705	-732	
599	607	704	-751	
599	607	704	-746	
599	607	703	-719	
599	607	703	-728	
599	607	702	-713	
599	607	702	-736	
599	607	701	-724	
599	607	701	-731	
599	606	700	-734	
599	606	699	-732	
599	606	698	-723	
599	606	697	-728	
599	606	695	-737	
599	606	694	-692	
599	606	692	-707	
599	606	689	-655	
599	606	686	-640	
599	606	682	-663	
599	606	676	-659	
599	606	669	-623	
599	606	659	-559	
599	606	647	-466	
599	606	633	-414	
599	606	620	-374	
599	606	607	-326	
599	605	597	-236	
599	605	585	-237	
599	605	573	-222	
599	605	558	-158	
599	605	543	-64	
599	605	528	-64	
599	605	517	38	
599	605	510	43	
599	605	508	54	
599	605	508	26	
599	605	508	2	
599	605	508	9	
599	605	508	62	
599	605	508	-43	
599	605	508	10	
599	605	508	32	
599	605	508	26	
599	605	508	60	
599	605	508	-13	
599	605	508	-63	
599	605	508	48	
599	605	508	14	
599	605	508	23	
599	605	508	23	
599	605	508	-3	
599	605	508	9	
599	605	508	3	
599	605	508	-24	
599	605	508	63	
599	605	508	7	
599	605	508	-15	
599	605	508	19	
599	605	508	63	
599	605	508	36	
599	605	508	-6	
599	605	508	63	
599	605	508	-18	
599	605	508	6	
599	605	508	0	
599	605	508	13	
599	605	508	11	
599	605	508	31	
599	605	508	6	
599	605	508	79	
599	605	508	31	
599	605	508	55	
599	605	508	14	
599	605	508	9	
599	605	508	22	
599	605	508	6	
599	605	508	-50	
599	605	508	-6	
599	605	508	30	
599	605	508	-52	
599	605	508	19	
599	605	508	80	
599	605	508	-15	
599	605	508	-9	
599	605	508	30	
599	605	508	-44	
599	605	508	9	
599	605	508	-2	
599	605	508	20	
599	605	508	-28	
599	605	508	-26	
599	605	508	2	
599	605	508	6	
599	605	508	4	
599	605	508	37	
599	605	508	-5	
599	605	508	-32	
599	605	508	-3	
599	605	508	-6	
599	605	508	10	
599	605	508	26	
599	605	508	4	
599	605	508	14	
599	605	508	-24	
599	605	508	-5	
599	605	508	26	
599	605	508	-5	
599	605	508	-38	
599	605	508	1	
599	605	508	9	
599	605	508	21	
599	605	508	-57	
599	605	508	-6	
599	605	508	29	
599	605	508	5	
599	605	508	9	
599	605	508	-34	
599	605	508	-65	
599	605	508	-11	
599	605	508	-15	
599	605	508	9	
599	605	508	-47	
599	605	508	29	
599	605	508	-51	
599	605	508	6	
599	605	508	-19	
599	605	508	-16	
599	605	508	-57	
599	605	508	-9	
599	605	508	-6	
599	605	508	18	
599	605	508	-21	
599	605	508	33	
599	605	508	8	
599	605	508	22	
599	605	508	-18	
599	605	508	-73	
599	605	508	19	
599	605	508	-38	
599	605	508	10	
599	605	508	-20	
599	605	508	-72	
599	605	508	-34	
599	605	508	-61	
599	605	508	-57	
599	605	508	-59	
599	605	508	-44	
599	605	508	-23	
599	605	508	-44	
599	605	508	-73	
599	605	508	-48	
599	605	508	5	
599	605	508	-7	
599	605	508	-36	
599	605	508	5	
599	605	508	21	
599	605	508	-32	
599	605	508	-32	
599	605	508	3	
599	605	508	-38	
599	605	508	-55	
599	605	508	-2	
599	605	508	-11	
599	605	508	25	
599	605	508	-4	
599	605	508	9	
599	605	508	14	
599	605	508	-2	
599	605	508	-15	
599	605	508	-22	
599	605	508	-11	
599	605	508	-20	
599	605	508	-52	
599	605	508	-23	
599	605	508	-49	
599	605	508	-12	
599	605	508	-5	
599	605	508	-40	
599	605	508	-43	
599	605	508	-26	
599	605	508	13	
599	605	508	-38	
599	605	508	-38	
599	605	508	-40	
599	605	508	-3	
599	605	508	-27	
599	605	508	6	
599	605	508	-11	
599	605	508	-12	
599	605	508	-3	
599	605	508	-2	
599	605	508	-31	
599	605	508	-44	
599	605	508	-34	
599	605	508	-34	
599	605	508	-16	
599	605	508	-26	
599	605	508	-55	
599	605	508	-31	
599	605	508	-65	
599	605	508	-35	
599	605	508	-26	
599	605	508	-32	
599	605	508	-57	
599	605	508	-10	
599	605	508	-93	
599	605	508	-28	
599	605	508	-35	
599	605	508	-40	
599	605	508	-76	
599	605	508	-27	
599	605	508	-110	
599	605	508	-51	
599	605	508	-48	
599	605	507	-36	
599	605	507	-55	
599	605	507	-15	
599	605	507	-47	
599	605	507	-36	
599	605	507	-51	
599	605	507	-61	
599	605	507	-39	
599	605	507	-49	
599	605	507	-102	
599	605	507	-42	
599	605	507	-53	
599	605	507	-40	
599	605	507	-64	
599	605	507	-51	
599	605	507	-52	
599	605	507	-32	
599	605	507	-2	
599	605	507	-42	
599	605	507	-28	
599	605	507	-63	
599	605	507	-45	
599	605	507	-52	
599	605	507	-20	
599	605	507	-67	
599	605	507	-55	
599	605	507	-53	
599	605	507	-44	
599	605	507	-42	
599	605	507	-42	
599	605	507	-89	
599	605	507	-75	
599	605	507	-60	
599	605	507	-63	
599	605	507	-49	
599	605	507	-106	
599	605	507	-42	
599	605	507	-30	
599	605	507	-56	
599	605	507	-69	
599	605	507	-40	
599	605	507	-24	
599	605	507	-53	
599	605	507	-94	
599	605	507	-31	
599	605	507	-76	
599	605	507	-98	
599	605	507	-71	
599	605	507	-88	
599	605	507	-67	
599	605	507	-44	
599	605	507	-59	
599	605	507	-51	
599	605	507	-101	
599	605	507	-100	
599	605	507	-10	
599	605	507	-85	
599	605	507	-65	
599	605	507	-126	
599	605	507	-52	
599	605	507	-128	
599	605	507	-69	
599	605	507	-53	
599	605	507	-71	
599	605	507	-47	
599	605	507	-19	
599	605	507	-49	
599	605	507	-4	
599	605	507	-129	
599	605	507	-71	
599	605	507	-100	
599	605	507	-112	
599	605	507	-109	
599	605	507	-73	
599	605	507	-112	
599	605	507	-7	
599	605	507	-71	
599	605	507	-61	
599	605	507	-82	
599	605	507	-63	
599	605	507	-92	
599	605	507	-64	
599	605	507	-90	
599	605	507	-114	
599	605	507	-84	
599	605	507	-84	
599	605	507	-69	
599	605	507	-67	
599	605	507	-77	
599	605	507	-106	
599	605	507	-88	
599	605	507	-55	
599	605	507	-54	
599	605	507	-60	
599	605	507	-42	
599	605	507	-106	
599	605	507	-77	
599	605	507	-149	
599	605	507	-47	
599	605	506	-77	
599	605	506	-65	
599	605	506	-60	
599	605	506	-110	
599	605	506	-102	
599	605	506	-90	
599	605	506	-72	
599	605	506	-63	
599	605	506	-93	
599	605	506	-63	
599	605	506	-123	
599	605	506	-78	
599	605	506	-116	
599	605	506	-81	
599	605	506	-63	
599	605	506	-129	
599	605	506	-48	
599	605	506	-89	
599	605	506	-52	
599	605	506	-57	
599	605	506	-145	
599	605	506	-90	
599	605	506	-80	
599	605	506	-109	
599	605	506	-129	
599	605	506	-127	
599	605	506	-57	
599	605	506	-129	
599	605	506	-55	
599	605	506	-70	
599	605	506	-67	
599	605	506	-90	
599	605	506	-112	
599	605	506	-106	
599	605	506	-78	
599	605	506	-108	
599	605	506	-63	
599	605	506	-106	
599	605	506	-128	
599	605	506	-78	
599	605	506	-49	
599	605	506	-134	
599	605	506	-94	
599	605	506	-52	
599	605	506	-99	
599	605	506	-88	
599	605	506	-136	
599	605	506	-78	
599	605	506	-78	
599	605	506	-158	
599	605	506	-116	
599	605	506	-95	
599	605	505	-105	
599	605	505	-105	
599	605	505	-104	
599	605	505	-101	
599	605	505	-64	
599	605	505	-103	
599	605	505	-89	
599	605	505	-78	
599	605	505	-102	
599	605	505	-73	
599	605	505	-64	
599	605	505	-70	
599	605	505	-96	
599	605	505	-100	
599	605	505	-99	
599	605	505	-137	
599	605	505	-93	
599	605	505	-126	
599	605	505	-112	
599	605	505	-113	
599	605	505	-99	
599	605	505	-88	
599	605	505	-93	
599	605	505	-99	
599	605	505	-176	
599	605	505	-145	
599	605	505	-126	
599	605	505	-96	
599	605	505	-123	
599	605	505	-75	
599	605	505	-67	
599	605	505	-118	
599	605	505	-72	
599	605	505	-75	
599	605	505	-148	
599	605	505	-79	
599	605	504	-94	
599	605	504	-129	
599	605	504	-115	
599	605	504	-97	
599	605	504	-120	
599	605	504	-112	
599	605	504	-114	
599	605	504	-110	
599	605	504	-105	
599	605	504	-126	
599	605	504	-119	
599	605	504	-83	
599	605	504	-115	
599	605	504	-144	
599	605	504	-142	
599	605	504	-128	
599	605	504	-102	
599	605	504	-100	
599	605	504	-71	
599	605	504	-102	
599	605	504	-98	
599	605	504	-111	
599	605	503	-141	
599	605	503	-146	
599	605	503	-118	
599	605	503	-78	
599	605	503	-167	
599	605	503	-95	
599	605	503	-111	
599	605	503	-144	
599	605	503	-126	
599	605	503	-105	
599	605	503	-97	
599	605	503	-110	
599	605	503	-148	
599	605	503	-95	
599	605	502	-117	
599	605	502	-70	
599	605	502	-153	
599	605	502	-58	
599	605	502	-129	
599	605	502	-93	
599	605	502	-117	
599	605	502	-84	
599	605	502	-129	
599	605	502	-80	
599	605	502	-119	
599	605	501	-94	
599	605	501	-142	
599	605	501	-56	
599	605	501	-115	
599	605	501	-99	
599	605	501	-98	
599	605	500	-128	
599	605	500	-108	
599	604	500	-87	
599	604	499	-127	
599	604	499	-110	
599	604	498	-134	
599	604	497	-111	
599	604	496	-17	
599	604	495	-98	
599	604	493	-107	
599	604	491	-38	
599	604	488	-90	
599	604	486	-59	
599	604	485	-45	
599	604	483	-53	
599	604	482	-73	
599	604	481	-42	
599	604	481	-61	
599	604	480	-57	
599	604	480	-58	
599	604	480	-40	
599	604	480	-36	
599	604	480	-40	
599	604	479	-58	
599	604	479	-42	
599	604	479	-48	
599	604	479	9	
599	604	479	-81	
599	604	479	-35	
599	604	479	-42	
599	604	479	-75	
599	604	479	-65	
599	604	479	-6	
599	604	479	-47	
599	604	479	-88	
599	604	479	-50	
599	604	479	-105	
599	604	478	-63	
599	604	478	-74	
599	604	478	-52	
599	604	478	-65	
599	604	478	-33	
599	604	478	-47	
599	604	478	11	
599	604	478	-41	
599	604	478	-38	
599	604	478	-49	
599	604	478	12	
599	604	478	-48	
599	604	478	15	
599	604	478	-80	
599	604	478	-56	
599	604	478	-60	
599	604	477	-13	
599	604	477	-73	
599	604	477	-56	
599	604	477	-50	
599	604	477	-44	
599	604	477	-85	
599	604	477	-60	
599	604	477	-56	
599	604	477	-19	
599	604	477	-54	
599	604	477	-21	
599	604	477	-38	
599	604	477	-23	
599	604	477	-24	
599	604	477	-28	
599	604	477	-61	
599	604	477	-29	
599	604	477	-50	
599	604	477	-31	
599	604	477	-37	
599	604	477	-68	
599	604	477	-48	
599	604	476	-48	
599	604	476	-29	
599	604	476	-51	
599	604	476	-50	
599	604	476	-22	
599	604	476	-63	
599	604	476	-93	
599	604	476	-72	
599	604	476	-44	
599	604	476	-39	
599	604	476	-54	
599	604	476	-48	
599	604	476	-41	
599	604	476	-131	
599	604	476	-7	
599	604	476	-74	
599	604	476	-2	
599	604	476	-64	
599	604	475	-48	
599	604	475	0	
599	604	475	-78	
599	604	475	-107	
599	604	475	-17	
599	604	475	-66	
599	604	475	-57	
599	604	475	-74	
599	604	475	-74	
599	604	475	-33	
599	604	475	-98	
599	604	475	-39	
599	604	475	-98	
599	604	475	-43	
599	604	474	-119	
599	604	474	-58	
599	604	474	-47	
599	604	474	-66	
599	604	474	-68	
599	604	474	-105	
599	604	474	-52	
599	604	474	-117	
599	604	474	-55	
599	604	474	-26	
599	604	474	-58	
599	604	474	1	
599	604	473	-49	
599	604	473	-103	
599	604	473	-50	
599	604	473	-44	
599	604	473	-33	
599	604	473	-48	
599	604	473	-44	
599	604	473	-74	
599	604	473	-37	
599	604	473	-26	
599	604	472	-47	
599	604	472	-38	
599	604	472	-57	
599	604	472	-66	
599	604	472	-49	
599	604	472	-28	
599	604	472	-45	
599	604	472	-32	
599	604	472	-110	
599	604	472	-50	
599	604	472	-65	
599	604	471	-83	
599	604	471	-59	
599	604	471	-36	
599	604	471	-31	
599	604	471	-13	
599	604	471	-34	
599	604	471	-43	
599	604	471	-110	
599	604	470	-56	
599	604	470	-63	
599	604	470	-50	
599	604	470	-58	
599	604	470	-49	
599	604	470	-76	
599	604	470	-33	
599	604	470	-29	
599	604	470	-29	
599	604	470	-50	
599	604	469	1	
599	604	469	-21	
599	604	469	-42	
599	604	469	-86	
599	604	469	-34	
599	604	469	-97	
599	604	469	-58	
599	604	469	-58	
599	604	469	-9	
599	604	469	-52	
599	604	469	-35	
599	604	469	-34	
599	604	469	-55	
599	604	469	-5	
599	604	469	5	
599	604	469	-9	
599	604	469	-31	
599	604	469	-55	
599	604	468	-45	
599	604	468	-95	
599	604	468	-63	
599	604	468	-36	
599	604	468	-77	
599	604	468	-96	
599	604	468	-33	
599	604	468	-6	
599	604	468	-46	
599	604	468	-46	
599	604	468	-74	
599	604	468	-48	
599	604	468	-62	
599	604	468	15	
599	604	467	-36	
599	604	467	-34	
599	604	467	-20	
599	604	467	-62	
599	604	467	-64	
599	604	467	-18	
599	604	467	-68	
599	604	467	-67	
599	604	467	-23	
599	604	467	-17	
599	604	467	-102	
599	604	467	-67	
599	604	467	-60	
599	604	467	-60	
599	604	467	-36	
599	604	467	-34	
599	604	467	-35	
599	604	467	-30	
599	604	467	-48	
599	604	467	-73	
599	604	467	-86	
599	604	467	-41	
599	604	467	-52	
599	604	467	-45	
599	604	467	-88	
599	604	466	-67	
599	604	466	-105	
599	604	466	-43	
599	604	466	-60	
599	604	466	-94	
599	604	466	-23	
599	604	466	-85	
599	604	466	-102	
599	604	466	-63	
599	604	466	-31	
599	604	466	-48	
599	604	466	-65	
599	604	466	-55	
599	604	466	-69	
599	604	466	-89	
599	604	466	-71	
599	604	466	-72	
599	604	466	-52	
599	604	466	-101	
599	604	466	-60	
599	604	466	-52	
599	604	466	-23	
599	604	466	-46	
599	604	466	-98	
599	604	466	-90	
599	604	466	-35	
599	604	466	-75	
599	604	465	-95	
599	604	465	-36	
599	604	465	-101	
599	604	465	-56	
599	604	465	6	
599	604	465	-107	
599	604	465	-102	
599	604	465	-82	
599	604	465	-67	
599	604	465	-50	
599	604	465	-103	
599	604	465	-49	
599	604	465	-61	
599	604	465	-50	
599	604	465	-90	
599	604	465	-103	
599	604	465	-116	
599	604	465	-54	
599	604	465	-94	
599	604	465	-126	
599	604	465	-113	
599	604	465	-82	
599	604	465	-67	
599	604	465	-49	
599	604	465	-95	
599	604	465	-37	
599	604	465	-78	
599	604	465	-35	
599	604	465	-42	
599	604	464	-53	
599	604	464	-98	
599	604	464	-87	
599	604	464	-104	
599	604	464	-58	
599	604	464	-61	
599	604	464	-49	
599	604	464	-37	
599	604	464	-96	
599	604	464	-82	
599	604	464	-104	
599	604	464	-70	
599	604	464	-78	
599	604	464	-42	
599	604	464	-83	
599	604	464	-113	
599	604	464	-114	
599	604	464	-66	
599	604	464	-94	
599	604	464	-12	
599	604	464	-109	
599	604	464	-82	
599	604	464	-93	
599	604	464	-46	
599	604	464	-96	
599	604	464	-126	
599	604	464	-113	
599	604	464	-113	
599	604	463	-66	
599	604	463	-143	
599	604	463	-103	
599	604	463	-114	
599	604	463	-107	
599	604	463	-43	
599	604	463	-62	
599	604	463	-86	
599	604	463	-100	
599	604	463	-114	
599	604	463	-74	
599	604	463	-118	
599	604	463	-58	
599	604	463	-115	
599	604	463	-66	
599	604	463	-33	
599	604	463	-97	
599	604	463	-36	
599	604	463	-96	
599	604	463	-74	
599	604	463	-45	
599	604	463	-85	
599	604	463	-125	
599	604	463	-103	
599	604	463	-72	
599	604	463	-81	
599	604	463	-99	
599	604	463	-96	
599	604	463	-125	
599	604	463	-108	
599	604	463	-52	
599	604	463	-89	
599	604	463	-92	
599	604	463	-97	
599	604	463	-118	
599	604	463	-94	
599	604	463	-67	
599	604	463	-80	
599	604	463	-149	
599	604	463	-111	
599	604	462	-69	
599	604	462	-127	
599	604	462	-85	
599	604	462	-47	
599	604	462	-119	
599	604	462	-82	
599	604	462	-95	
599	604	462	-120	
599	604	462	-109	
599	604	462	-69	
599	604	462	-90	
599	604	462	-129	
599	604	462	-121	
599	604	462	-128	
599	604	462	-62	
599	604	462	-81	
599	604	462	-120	
599	604	462	-131	
599	604	462	-150	
599	604	462	-72	
599	604	462	-63	
599	604	462	-106	
599	604	462	-113	
599	604	462	-98	
599	604	462	-36	
599	604	462	-110	
599	604	462	-77	
599	604	462	-64	
599	604	462	-110	
599	604	462	-125	
599	604	462	-91	
599	604	462	-87	
599	604	462	-93	
599	604	462	-119	
599	604	462	-112	
599	604	462	-118	
599	604	461	-148	
599	604	461	-123	
599	604	461	-97	
599	604	461	-153	
599	604	461	-132	
599	604	461	-134	
599	604	461	-118	
599	604	461	-71	
599	604	461	-103	
599	604	461	-88	
599	604	461	-122	
599	604	461	-106	
599	604	461	-167	
599	604	461	-63	
599	604	461	-108	
599	604	461	-82	
599	604	461	-138	
599	604	461	-64	
599	604	461	-151	
599	604	461	-184	
599	604	461	-88	
599	604	461	-97	
599	604	461	-96	
599	604	461	-73	
599	604	461	-101	
599	604	461	-69	
599	604	461	-143	
599	604	461	-94	
599	604	461	-128	
599	604	461	-118	
599	604	461	-188	
599	604	461	-118	
599	604	461	-120	
599	604	461	-146	
599	604	461	-166	
599	604	461	-126	
599	604	461	-163	
599	604	461	-86	
599	604	461	-94	
599	604	461	-117	
599	604	461	-59	
599	604	461	-90	
599	604	461	-95	
599	604	461	-142	
599	604	460	-108	
599	604	460	-159	
599	604	460	-58	
599	604	460	-102	
599	604	460	-111	
599	604	460	-172	
599	604	460	-105	
599	604	460	-130	
599	604	460	-129	
599	604	460	-111	
599	604	460	-112	
599	604	460	-95	
599	604	460	-88	
599	604	460	-96	
599	604	460	-103	
599	604	460	-154	
599	604	460	-113	
599	604	460	-103	
599	604	460	-68	
599	604	460	-180	
599	604	460	-104	
599	604	460	-100	
599	604	460	-171	
599	604	460	-128	
599	604	460	-124	
599	604	460	-118	
599	604	460	-125	
599	604	460	-119	
599	604	460	-154	
599	604	460	-103	
599	604	460	-134	
599	604	460	-89	
599	604	460	-148	
599	604	460	-140	
599	604	460	-98	
599	604	460	-93	
599	604	460	-150	
599	604	460	-160	
599	604	460	-166	
599	604	460	-127	
599	604	459	-160	
599	604	459	-125	
599	604	459	-116	
599	604	459	-118	
599	604	459	-128	
599	604	459	-123	
599	604	459	-142	
599	604	459	-157	
599	604	459	-87	
599	604	459	-164	
599	604	459	-156	
599	604	459	-103	
599	604	459	-130	
599	604	459	-112	
599	604	459	-102	
599	604	459	-125	
599	604	459	-133	
599	604	459	-158	
599	604	459	-134	
599	604	459	-120	
599	604	459	-103	
599	604	459	-97	
599	604	459	-128	
599	604	459	-164	
599	604	459	-156	
599	604	459	-123	
599	604	459	-118	
599	604	459	-127	
599	604	459	-123	
599	604	459	-168	
599	604	459	-112	
599	604	459	-148	
599	604	459	-150	
599	604	459	-118	
599	604	459	-98	
599	604	459	-150	
599	604	459	-176	
599	604	459	-117	
599	604	458	-97	
599	604	458	-143	
599	604	458	-125	
599	604	458	-117	
599	604	458	-110	
599	604	458	-126	
599	604	458	-157	
599	604	458	-117	
599	604	458	-134	
599	604	458	-104	
599	604	458	-117	
599	604	458	-164	
599	604	458	-103	
599	604	458	-124	
599	604	458	-149	
599	604	458	-151	
599	604	458	-111	
599	604	458	-163	
599	604	458	-143	
599	604	458	-132	
599	604	458	-156	
599	604	458	-113	
599	604	458	-110	
599	604	458	-130	
599	604	458	-123	
599	604	458	-125	
599	604	458	-178	
599	604	458	-142	
599	604	458	-126	
599	604	458	-102	
599	604	458	-186	
599	604	458	-171	
599	604	458	-191	
599	604	458	-101	
599	604	458	-111	
599	604	457	-163	
599	604	457	-179	
599	604	457	-216	
599	604	457	-193	
599	604	457	-156	
599	604	457	-141	
599	604	457	-131	
599	604	457	-163	
599	604	457	-195	
599	604	457	-123	
599	604	457	-163	
599	604	457	-124	
599	604	457	-112	
599	604	457	-125	
599	604	457	-229	
599	604	457	-154	
599	604	457	-171	
599	604	457	-153	
599	604	457	-82	
599	604	457	-168	
599	604	457	-163	
599	604	457	-148	
599	604	457	-109	
599	604	457	-130	
599	604	457	-126	
599	604	457	-147	
599	604	457	-172	
599	604	456	-112	
599	604	456	-184	
599	604	456	-148	
599	604	456	-124	
599	604	456	-191	
599	604	456	-149	
599	604	456	-161	
599	604	456	-169	
599	604	456	-146	
599	604	456	-146	
599	604	456	-163	
599	604	456	-163	
599	604	456	-118	
599	604	456	-171	
599	604	456	-88	
599	604	456	-110	
599	604	456	-141	
599	604	456	-148	
599	604	456	-172	
599	604	456	-116	
599	604	456	-132	
599	604	456	-171	
599	604	456	-155	
599	604	456	-154	
599	604	456	-186	
599	604	456	-147	
599	604	456	-208	
599	604	456	-177	
599	604	456	-123	
599	604	456	-193	
599	604	455	-186	
599	604	455	-169	
599	604	455	-132	
599	604	455	-116	
599	604	455	-104	
599	604	455	-222	
599	604	455	-162	
599	604	455	-131	
599	604	455	-242	
599	604	455	-124	
599	604	455	-199	
599	604	455	-192	
599	604	455	-171	
599	604	455	-163	
599	604	455	-148	
599	604	455	-164	
599	604	455	-215	
599	604	455	-103	
599	604	455	-140	
599	604	455	-155	
599	604	455	-132	
599	604	455	-191	
599	604	455	-147	
599	604	455	-162	
599	604	455	-155	
599	604	455	-102	
599	604	455	-108	
599	604	455	-109	
599	604	455	-155	
599	604	455	-163	
599	604	455	-155	
599	604	455	-162	
599	604	454	-117	
599	604	454	-157	
599	604	454	-162	
599	604	454	-169	
599	604	454	-162	
599	604	454	-102	
599	604	454	-163	
599	604	454	-184	
599	604	454	-178	
599	604	454	-192	
599	604	454	-124	
599	604	454	-208	
599	604	454	-170	
599	604	454	-80	
599	604	454	-133	
599	604	454	-163	
599	604	454	-140	
599	604	454	-156	
599	604	454	-142	
599	604	454	-228	
599	604	454	-95	
599	604	454	-140	
599	604	454	-213	
599	604	454	-163	
599	604	454	-185	
599	604	454	-163	
599	604	454	-206	
599	604	454	-154	
599	604	454	-183	
599	604	454	-149	
599	604	454	-148	
599	604	454	-110	
599	604	454	-184	
599	604	454	-178	
599	604	454	-185	
599	604	453	-184	
599	604	453	-170	
599	604	453	-125	
599	604	453	-162	
599	604	453	-192	
599	604	453	-155	
599	604	453	-155	
599	604	453	-117	
599	604	453	-124	
599	604	453	-184	
599	604	453	-169	
599	604	453	-155	
599	604	453	-207	
599	604	453	-148	
599	604	453	-222	
599	604	453	-177	
599	604	453	-162	
599	604	453	-162	
599	604	453	-206	
599	604	453	-184	
599	604	453	-169	
599	604	453	-163	
599	604	453	-184	
599	604	453	-169	
599	604	453	-199	
599	604	453	-192	
599	604	453	-214	
599	604	453	-148	
599	604	453	-177	
599	604	453	-206	
599	604	453	-184	
599	604	452	-214	
599	604	452	-221	
599	604	452	-207	
599	604	452	-177	
599	604	452	-177	
599	604	452	-169	
599	604	452	-185	
599	604	452	-170	
599	604	452	-184	
599	604	452	-229	
599	604	452	-177	
599	604	452	-206	
599	604	452	-177	
599	604	452	-170	
599	604	452	-162	
599	604	452	-221	
599	604	452	-118	
599	604	452	-170	
599	604	452	-184	
599	604	452	-170	
599	604	452	-162	
599	604	452	-221	
599	604	452	-214	
599	604	452	-177	
599	604	452	-155	
599	604	452	-206	
599	604	452	-206	
599	604	452	-170	
599	604	451	-206	
599	604	451	-155	
599	604	451	-126	
599	604	451	-192	
599	604	451	-192	
599	604	451	-206	
599	604	451	-126	
599	604	451	-148	
599	604	451	-199	
599	604	451	-155	
599	604	451	-177	
599	604	451	-177	
599	604	451	-206	
599	604	451	-162	
599	604	451	-177	
599	604	451	-170	
599	604	451	-199	
599	604	451	-184	
599	604	451	-185	
599	604	451	-206	
599	604	451	-221	
599	604	451	-162	
599	604	451	-221	
599	604	451	-169	
599	604	450	-169	
599	604	450	-185	
599	604	450	-206	
599	604	450	-198	
599	604	450	-177	
599	604	450	-155	
599	604	450	-178	
599	604	450	-207	
599	604	450	-185	
599	604	450	-214	
599	604	450	-236	
599	604	450	-198	
599	604	450	-178	
599	604	450	-235	
599	604	450	-206	
599	604	450	-184	
599	604	450	-221	
599	604	450	-228	
599	604	450	-184	
599	604	450	-163	
599	604	450	-163	
599	604	450	-228	
599	604	450	-170	
599	604	450	-192	
599	604	450	-170	
599	604	449	-163	
599	604	449	-206	
599	604	449	-206	
599	604	449	-213	
599	604	449	-214	
599	604	449	-199	
599	604	449	-221	
599	604	449	-206	
599	604	449	-213	
599	604	449	-171	
599	604	449	-206	
599	604	449	-193	
599	604	449	-228	
599	604	449	-198	
599	604	449	-171	
599	604	449	-156	
599	604	449	-206	
599	604	449	-141	
599	604	449	-236	
599	604	449	-185	
599	604	449	-206	
599	604	449	-205	
599	604	449	-177	
599	604	449	-214	
599	604	449	-192	
599	604	449	-177	
599	604	449	-199	
599	604	449	-169	
599	604	449	-237	
599	604	448	-171	
599	604	448	-206	
599	604	448	-206	
599	604	448	-206	
599	604	448	-221	
599	604	448	-206	
599	604	448	-215	
599	604	448	-214	
599	604	448	-185	
599	604	448	-169	
599	604	448	-170	
599	604	448	-177	
599	604	448	-170	
599	604	448	-171	
599	604	448	-164	
599	604	448	-171	
599	604	448	-193	
599	604	448	-196	
599	604	448	-183	
599	604	448	-184	
599	604	448	-155	
599	604	448	-207	
599	604	448	-264	
599	604	448	-213	
599	604	448	-171	
599	604	448	-212	
599	604	448	-243	
599	604	448	-149	
599	604	448	-221	
599	604	448	-192	
599	604	447	-186	
599	604	447	-178	
599	604	447	-208	
599	604	447	-185	
599	604	447	-215	
599	604	447	-206	
599	604	447	-228	
599	604	447	-165	
599	604	447	-192	
599	604	447	-207	
599	604	447	-185	
599	604	447	-186	
599	604	447	-193	
599	604	447	-227	
599	604	447	-228	
599	604	447	-256	
599	604	447	-185	
599	604	447	-228	
599	604	447	-227	
599	604	447	-204	
599	604	447	-206	
599	604	447	-186	
599	604	447	-184	
599	604	447	-236	
599	604	447	-215	
599	604	447	-212	
599	604	447	-205	
599	604	447	-206	
599	604	447	-228	
599	604	447	-214	
599	604	447	-186	
599	604	447	-170	
599	604	447	-206	
599	604	447	-249	
599	604	447	-222	
599	604	447	-206	
599	604	447	-186	
599	604	447	-206	
599	604	447	-228	
599	604	447	-200	
599	604	446	-204	
599	604	446	-238	
599	604	446	-192	
599	604	446	-227	
599	604	446	-211	
599	604	446	-244	
599	604	446	-187	
599	604	446	-205	
599	604	446	-229	
599	604	446	-227	
599	604	446	-227	
599	604	446	-214	
599	604	446	-179	
599	604	446	-208	
599	604	446	-195	
599	604	446	-222	
599	604	446	-201	
599	604	446	-173	
599	604	446	-243	
599	604	446	-207	
599	604	446	-229	
599	604	446	-224	
599	604	446	-229	
599	604	446	-243	
599	604	446	-209	
599	604	446	-206	
599	604	446	-214	
599	604	446	-215	
599	604	446	-227	
599	604	446	-196	
599	604	446	-178	
599	604	446	-200	
599	604	446	-194	
599	604	446	-215	
599	604	446	-229	
599	604	446	-236	
599	604	446	-193	
599	604	446	-185	
599	604	446	-241	
599	604	446	-246	
599	604	446	-216	
599	604	446	-210	
599	604	446	-228	
599	604	446	-226	
599	604	446	-214	
599	604	446	-257	
599	604	446	-249	
599	604	446	-261	
599	604	446	-228	
599	604	446	-258	
599	604	446	-214	
599	604	446	-244	
599	604	446	-253	
599	604	446	-215	
599	604	445	-194	
599	604	445	-277	
599	604	445	-238	
599	604	445	-207	
599	604	445	-270	
599	604	445	-223	
599	604	445	-243	
599	604	445	-202	
599	604	445	-255	
599	604	445	-244	
599	604	445	-214	
599	604	445	-271	
599	604	445	-250	
599	604	445	-229	
599	604	445	-211	
599	604	445	-259	
599	604	445	-223	
599	604	445	-277	
599	604	445	-227	
599	604	445	-238	
599	604	445	-245	
599	604	445	-259	
599	604	445	-259	
599	604	445	-243	
599	604	445	-212	
599	604	445	-202	
599	604	445	-229	
599	604	445	-223	
599	604	445	-229	
599	604	445	-264	
599	604	445	-262	
599	604	445	-272	
599	604	445	-188	
599	604	445	-220	
599	604	445	-243	
599	604	445	-271	
599	604	445	-224	
599	604	445	-242	
599	604	445	-248	
599	604	445	-224	
599	604	445	-244	
599	604	445	-275	
599	604	445	-226	
599	604	445	-277	
599	604	445	-236	
599	604	445	-253	
599	604	445	-288	
599	604	445	-281	
599	604	445	-229	
599	604	445	-238	
599	604	445	-224	
599	604	445	-222	
599	604	445	-237	
599	604	444	-224	
599	604	444	-240	
599	604	444	-213	
599	604	444	-285	
599	604	444	-217	
599	604	444	-262	
599	604	444	-254	
599	604	444	-223	
599	604	444	-233	
599	604	444	-259	
599	604	444	-238	
599	604	444	-263	
599	604	444	-220	
599	604	444	-246	
599	604	444	-273	
599	604	444	-240	
599	604	444	-267	
599	604	444	-202	
599	604	444	-262	
599	604	444	-269	
599	604	444	-213	
599	604	444	-251	
599	604	444	-232	
599	604	444	-250	
599	604	444	-294	
599	604	444	-238	
599	604	444	-264	
599	604	444	-287	
599	604	444	-257	
599	604	444	-305	
599	604	444	-257	
599	604	444	-216	
599	604	444	-266	
599	604	444	-303	
599	604	444	-246	
599	604	444	-262	
599	604	444	-291	
599	604	444	-229	
599	604	444	-250	
599	604	444	-224	
599	604	444	-251	
599	604	444	-238	
599	604	444	-248	
599	604	444	-259	
599	604	444	-243	
599	604	444	-302	
599	604	444	-250	
599	604	443	-293	
599	604	443	-245	
599	604	443	-303	
599	604	443	-237	
599	604	443	-266	
599	604	443	-246	
599	604	443	-256	
599	604	443	-278	
599	604	443	-226	
599	604	443	-270	
599	604	443	-275	
599	604	443	-280	
599	604	443	-228	
599	604	443	-266	
599	604	443	-246	
599	604	443	-254	
599	604	443	-218	
599	604	443	-246	
599	604	443	-220	
599	604	443	-215	
599	604	443	-266	
599	604	443	-263	
599	604	443	-243	
599	604	443	-273	
599	604	443	-261	
599	604	443	-264	
599	604	443	-218	
599	604	443	-253	
599	604	443	-234	
599	604	443	-264	
599	604	443	-269	
599	604	443	-309	
599	604	443	-300	
599	604	443	-286	
599	604	443	-252	
599	604	443	-261	
599	604	443	-243	
599	604	443	-285	
599	604	443	-263	
599	604	443	-289	
599	604	443	-252	
599	604	443	-247	
599	604	443	-256	
599	604	443	-304	
599	604	443	-257	
599	604	443	-307	
599	604	443	-291	
599	604	443	-290	
599	604	443	-311	
599	604	443	-282	
599	604	442	-270	
599	604	442	-256	
599	604	442	-221	
599	604	442	-333	
599	604	442	-265	
599	604	442	-292	
599	604	442	-252	
599	604	442	-246	
599	604	442	-254	
599	604	442	-269	
599	604	442	-253	
599	604	442	-256	
599	604	442	-299	
599	604	442	-287	
599	604	442	-276	
599	604	442	-260	
599	604	442	-290	
599	604	442	-256	
599	604	442	-255	
599	604	442	-280	
599	604	442	-266	
599	604	442	-288	
599	604	442	-268	
599	604	442	-276	
599	604	442	-280	
599	604	442	-286	
599	604	442	-271	
599	604	442	-304	
599	604	442	-282	
599	604	442	-283	
599	604	442	-278	
599	604	442	-288	
599	604	442	-265	
599	604	442	-239	
599	604	442	-269	
599	604	442	-246	
599	604	442	-274	
599	604	442	-297	
599	604	442	-256	
599	604	442	-323	
599	604	442	-282	
599	604	442	-272	
599	604	442	-276	
599	604	442	-280	
599	604	442	-298	
599	604	442	-276	
599	604	442	-272	
599	604	442	-282	
599	604	442	-277	
599	604	441	-286	
599	604	441	-343	
599	604	441	-261	
599	604	441	-304	
599	604	441	-266	
599	604	441	-270	
599	604	441	-302	
599	604	441	-297	
599	604	441	-322	
599	604	441	-300	
599	604	441	-259	
599	604	441	-262	
599	604	441	-302	
599	604	441	-309	
599	604	441	-296	
599	604	441	-273	
599	604	441	-275	
599	604	441	-282	
599	604	441	-311	
599	604	441	-298	
599	604	441	-280	
599	604	441	-304	
599	604	441	-299	
599	604	441	-317	
599	604	441	-306	
599	604	441	-282	
599	604	441	-294	
599	604	441	-274	
599	604	441	-287	
599	604	441	-279	
599	604	441	-274	
599	604	441	-274	
599	604	441	-276	
599	604	441	-282	
599	604	441	-253	
599	604	441	-296	
599	604	441	-288	
599	604	441	-271	
599	604	441	-272	
599	604	441	-289	
599	604	441	-301	
599	604	441	-232	
599	604	441	-261	
599	604	441	-298	
599	604	441	-298	
599	604	441	-306	
599	604	441	-261	
599	604	440	-250	
599	604	440	-344	
599	604	440	-284	
599	604	440	-306	
599	604	440	-284	
599	604	440	-279	
599	604	440	-298	
599	604	440	-268	
599	604	440	-291	
599	604	440	-294	
599	604	440	-274	
599	604	440	-311	
599	604	440	-263	
599	604	440	-313	
599	604	440	-258	
599	604	440	-281	
599	604	440	-306	
599	604	440	-250	
599	604	440	-335	
599	604	440	-335	
599	604	440	-268	
599	604	440	-274	
599	604	440	-289	
599	604	440	-287	
599	604	440	-268	
599	604	440	-295	
599	604	440	-305	
599	604	440	-304	
599	604	440	-316	
599	604	440	-311	
599	604	440	-297	
599	604	440	-308	
599	604	440	-278	
599	604	440	-283	
599	604	440	-289	
599	604	440	-280	
599	604	439	-270	
599	604	439	-295	
599	604	439	-274	
599	604	439	-323	
599	604	439	-273	
599	604	439	-311	
599	604	439	-302	
599	604	439	-285	
599	604	439	-300	
599	604	439	-298	
599	604	439	-307	
599	604	439	-322	
599	604	439	-273	
599	604	439	-306	
599	604	439	-288	
599	604	439	-311	
599	604	439	-323	
599	604	439	-312	
599	604	439	-310	
599	604	439	-294	
599	604	439	-288	
599	604	439	-293	
599	604	439	-312	
599	604	439	-302	
599	604	439	-318	
599	604	438	-343	
599	604	438	-309	
599	604	438	-310	
599	604	438	-267	
599	604	438	-304	
599	604	438	-281	
599	604	438	-281	
599	604	438	-295	
599	604	438	-344	
599	604	438	-284	
599	604	438	-339	
599	604	438	-312	
599	604	438	-313	
599	604	438	-296	
599	604	438	-303	
599	604	438	-294	
599	604	438	-292	
599	604	438	-320	
599	604	438	-303	
599	604	438	-285	
599	604	438	-358	
599	604	438	-296	
599	604	438	-316	
599	604	437	-313	
599	604	437	-324	
599	604	437	-319	
599	604	437	-294	
599	604	437	-308	
599	604	437	-291	
599	604	437	-310	
599	604	437	-311	
599	604	437	-295	
599	604	437	-291	
599	604	437	-335	
599	604	437	-299	
599	604	437	-304	
599	604	437	-341	
599	604	437	-345	
599	604	437	-312	
599	604	437	-329	
599	604	437	-291	
599	604	437	-337	
599	604	437	-304	
599	604	437	-332	
599	604	437	-319	
599	604	436	-312	
599	604	436	-331	
599	604	436	-303	
599	604	436	-362	
599	604	436	-277	
599	604	436	-298	
599	604	436	-316	
599	604	436	-379	
599	604	436	-357	
599	604	436	-340	
599	604	436	-299	
599	604	436	-348	
599	604	436	-315	
599	604	436	-308	
599	604	435	-337	
599	604	435	-327	
599	604	435	-289	
599	604	435	-334	
599	604	435	-277	
599	604	435	-341	
599	604	435	-313	
599	604	435	-345	
599	604	435	-296	
599	604	435	-297	
599	604	434	-373	
599	604	434	-300	
599	604	434	-318	
599	604	434	-326	
599	604	434	-305	
599	604	434	-286	
599	604	433	-294	
599	604	433	-344	
599	604	433	-283	
599	604	433	-335	
599	604	432	-317	
599	604	432	-321	
599	604	432	-295	
599	604	432	-307	
599	604	431	-306	
599	604	431	-280	
599	604	431	-276	
599	604	430	-330	
599	604	430	-317	
599	604	430	-312	
599	604	430	-325	
599	604	430	-290	
599	604	430	-284	
599	604	430	-351	
599	604	430	-288	
599	604	430	-271	
599	604	430	-314	
599	604	430	-324	
599	604	429	-325	
599	604	429	-327	
599	604	429	-302	
599	604	429	-348	
599	604	429	-325	
599	604	429	-325	
599	604	429	-269	
599	604	429	-261	
599	604	429	-341	
599	604	429	-341	
599	604	429	-339	
599	604	429	-296	
599	604	429	-315	
599	604	429	-284	
599	604	429	-329	
599	604	429	-321	
599	604	429	-288	
599	604	429	-327	
599	604	429	-268	
599	604	429	-349	
599	604	429	-319	
599	604	429	-358	
599	604	429	-311	
599	604	429	-339	
599	604	429	-306	
599	604	429	-302	
599	604	429	-325	
599	604	429	-294	
599	604	429	-360	
599	604	429	-298	
599	604	429	-321	
599	604	429	-300	
599	604	429	-355	
599	604	429	-325	
599	604	429	-317	
599	604	429	-282	
599	604	429	-323	
599	604	429	-302	
599	604	429	-323	
599	604	429	-276	
599	604	429	-278	
599	604	429	-312	
599	604	429	-331	
599	604	429	-306	
599	604	428	-306	
599	604	428	-304	
599	604	428	-308	
599	604	428	-347	
599	604	428	-349	
599	604	428	-312	
599	604	428	-327	
599	604	428	-307	
599	604	428	-353	
599	604	428	-280	
599	604	428	-317	
599	604	428	-345	
599	604	428	-319	
599	604	428	-333	
599	604	428	-308	
599	604	428	-313	
599	604	428	-355	
599	604	428	-317	
599	604	428	-329	
599	604	428	-304	
599	604	428	-349	
599	604	428	-323	
599	604	428	-349	
599	604	428	-307	
599	604	428	-323	
599	604	428	-329	
599	604	428	-341	
599	604	428	-362	
599	604	428	-311	
599	604	428	-329	
599	604	428	-381	
599	604	428	-316	
599	604	428	-335	
599	604	428	-351	
599	604	428	-343	
599	604	428	-339	
599	604	428	-325	
599	604	428	-299	
599	604	428	-351	
599	604	428	-314	
599	604	428	-384	
599	604	428	-359	
599	604	428	-327	
599	604	428	-365	
599	604	428	-350	
599	604	428	-325	
599	604	428	-300	
599	604	428	-347	
599	604	428	-327	
599	604	428	-358	
599	604	428	-337	
599	604	428	-306	
599	604	428	-357	
599	604	428	-333	
599	604	428	-334	
599	604	428	-363	
599	604	428	-335	
599	604	428	-317	
599	604	428	-314	
599	604	428	-305	
599	604	428	-347	
599	604	428	-325	
599	604	428	-351	
599	604	427	-322	
599	604	427	-360	
599	604	427	-345	
599	604	427	-343	
599	604	427	-341	
599	604	427	-319	
599	604	427	-327	
599	604	427	-350	
599	604	427	-339	
599	604	427	-327	
599	604	427	-337	
599	604	427	-367	
599	604	427	-325	
599	604	427	-364	
599	604	427	-353	
599	604	427	-348	
599	604	427	-338	
599	604	427	-365	
599	604	427	-377	
599	604	427	-333	
599	604	427	-332	
599	604	427	-320	
599	604	427	-374	
599	604	427	-354	
599	604	427	-328	
599	604	427	-353	
599	604	427	-363	
599	604	427	-351	
599	604	427	-336	
599	604	427	-338	
599	604	427	-368	
599	604	427	-324	
599	604	427	-351	
599	604	427	-379	
599	604	427	-325	
599	604	427	-357	
599	604	427	-326	
599	604	427	-318	
599	604	427	-344	
599	604	427	-349	
599	604	427	-390	
599	604	427	-343	
599	604	427	-363	
599	604	427	-360	
599	604	427	-361	
599	604	427	-341	
599	604	427	-343	
599	604	427	-332	
599	604	427	-343	
599	604	427	-349	
599	604	427	-353	
599	604	427	-337	
599	604	427	-376	
599	604	427	-335	
599	604	427	-326	
599	604	427	-355	
599	604	427	-360	
599	604	427	-334	
599	604	427	-368	
599	604	427	-366	
599	604	427	-325	
599	604	427	-360	
599	604	427	-383	
599	604	427	-374	
599	604	427	-332	
599	604	427	-341	
599	604	427	-362	
599	604	427	-369	
599	604	427	-364	
599	604	426	-333	
599	604	426	-342	
599	604	426	-338	
599	604	426	-387	
599	604	426	-348	
599	604	426	-328	
599	604	426	-366	
599	604	426	-368	
599	604	426	-345	
599	604	426	-336	
599	604	426	-354	
599	604	426	-345	
599	604	426	-380	
599	604	426	-325	
599	604	426	-352	
599	604	426	-374	
599	604	426	-339	
599	604	426	-364	
599	604	426	-358	
599	604	426	-339	
599	604	426	-328	
599	604	426	-341	
599	604	426	-361	
599	604	426	-391	
599	604	426	-360	
599	604	426	-339	
599	604	426	-347	
599	604	426	-338	
599	604	426	-378	
599	604	426	-360	
599	604	426	-370	
599	604	426	-358	
599	604	426	-366	
599	604	426	-388	
599	604	426	-346	
599	604	426	-364	
599	604	426	-360	
599	604	426	-334	
599	604	426	-383	
599	604	426	-364	
599	604	426	-389	
599	604	426	-367	
599	604	426	-371	
599	604	426	-354	
599	604	426	-381	
599	604	426	-387	
599	604	426	-323	
599	604	426	-366	
599	604	426	-380	
599	604	426	-373	
599	604	426	-408	
599	604	426	-376	
599	604	426	-388	
599	604	426	-365	
599	604	426	-382	
599	604	426	-340	
599	604	426	-374	
599	604	426	-344	
599	604	425	-367	
599	604	425	-353	
599	604	425	-375	
599	604	425	-327	
599	604	425	-354	
599	604	425	-338	
599	604	425	-375	
599	604	425	-387	
599	604	425	-382	
599	604	425	-381	
599	604	425	-341	
599	604	425	-380	
599	604	425	-382	
599	604	425	-371	
599	604	425	-397	
599	604	425	-389	
599	604	425	-385	
599	604	425	-381	
599	604	425	-391	
599	604	425	-363	
599	604	425	-351	
599	604	425	-426	
599	604	425	-397	
599	604	425	-354	
599	604	425	-402	
599	604	425	-395	
599	604	425	-371	
599	604	425	-381	
599	604	425	-400	
599	604	425	-367	
599	604	425	-415	
599	604	425	-367	
599	604	425	-383	
599	604	425	-360	
599	604	425	-353	
599	604	425	-361	
599	604	425	-408	
599	604	425	-381	
599	604	425	-428	
599	604	425	-361	
599	604	425	-381	
599	604	425	-363	
599	604	425	-396	
599	604	425	-390	
599	604	425	-402	
599	604	425	-402	
599	604	425	-352	
599	604	425	-389	
599	604	425	-381	
599	604	425	-370	
599	604	425	-402	
599	604	425	-375	
599	604	424	-416	
599	604	424	-346	
599	604	424	-398	
599	604	424	-354	
599	604	424	-389	
599	604	424	-392	
599	604	424	-392	
599	604	424	-399	
599	604	424	-375	
599	604	424	-388	
599	604	424	-354	
599	604	424	-354	
599	604	424	-420	
599	604	424	-365	
599	604	424	-386	
599	604	424	-399	
599	604	424	-389	
599	604	424	-397	
599	604	424	-392	
599	604	424	-390	
599	604	424	-405	
599	604	424	-416	
599	604	424	-445	
599	604	424	-378	
599	604	424	-381	
599	604	424	-415	
599	604	424	-385	
599	604	424	-410	
599	604	424	-334	
599	604	424	-393	
599	604	424	-384	
599	604	424	-416	
599	604	424	-363	
599	604	424	-393	
599	604	423	-396	
599	604	423	-389	
599	604	423	-410	
599	604	423	-426	
599	604	423	-387	
599	604	423	-404	
599	604	423	-413	
599	604	423	-365	
599	604	423	-373	
599	604	423	-381	
599	604	423	-390	
599	604	423	-375	
599	604	423	-444	
599	604	423	-379	
599	604	423	-384	
599	604	423	-386	
599	604	423	-407	
599	604	423	-396	
599	604	423	-415	
599	604	423	-384	
599	604	423	-398	
599	604	423	-369	
599	604	423	-360	
599	604	423	-431	
599	604	423	-378	
599	604	423	-379	
599	604	422	-400	
599	604	422	-398	
599	604	422	-391	
599	604	422	-353	
599	604	422	-453	
599	604	422	-413	
599	604	422	-434	
599	604	422	-409	
599	604	422	-429	
599	604	422	-381	
599	604	422	-398	
599	604	422	-412	
599	604	421	-390	
599	604	421	-401	
599	604	421	-406	
599	604	420	-431	
599	604	420	-409	
599	604	419	-387	
599	604	418	-400	
599	604	415	-384	
599	604	412	-405	
599	604	409	-364	
599	604	407	-326	
599	604	404	-302	
599	604	402	-332	
599	604	401	-327	
599	604	400	-314	
599	603	399	-327	
599	603	399	-336	
599	603	399	-307	
599	603	399	-332	
599	603	399	-326	
599	603	399	-330	
599	603	399	-282	
599	603	399	-339	
599	603	399	-300	
599	603	399	-290	
599	603	399	-306	
599	603	399	-272	
599	603	399	-318	
599	603	399	-327	
599	603	399	-299	
599	603	399	-277	
599	603	398	-294	
599	603	398	-287	
599	603	398	-308	
599	603	398	-352	
599	603	398	-308	
599	603	398	-339	
599	603	398	-290	
599	603	398	-326	
599	603	398	-285	
599	603	398	-311	
599	603	398	-301	
599	603	398	-287	
599	603	398	-313	
599	603	398	-323	
599	603	398	-270	
599	603	398	-316	
599	603	398	-331	
599	603	398	-308	
599	603	398	-304	
599	603	398	-354	
599	603	398	-290	
599	603	397	-345	
599	603	397	-316	
599	603	397	-297	
599	603	397	-320	
599	603	397	-323	
599	603	397	-308	
599	603	397	-329	
599	603	397	-299	
599	603	397	-328	
599	603	397	-291	
599	603	397	-333	
599	603	397	-284	
599	603	397	-310	
599	603	397	-331	
599	603	397	-339	
599	603	397	-304	
599	603	397	-342	
599	603	397	-314	
599	603	397	-340	
599	603	397	-311	
599	603	397	-337	
599	603	397	-329	
599	603	397	-297	
599	603	397	-308	
599	603	397	-297	
599	603	396	-332	
599	603	396	-317	
599	603	396	-322	
599	603	396	-302	
599	603	396	-367	
599	603	396	-304	
599	603	396	-312	
599	603	396	-319	
599	603	396	-317	
599	603	396	-343	
599	603	396	-334	
599	603	396	-311	
599	603	396	-323	
599	603	396	-350	
599	603	396	-295	
599	603	396	-317	
599	603	396	-268	
599	603	396	-334	
599	603	396	-326	
599	603	396	-343	
599	603	396	-300	
599	603	396	-319	
599	603	395	-311	
599	603	395	-332	
599	603	395	-309	
599	603	395	-312	
599	603	395	-307	
599	603	395	-313	
599	603	395	-319	
599	603	395	-332	
599	603	395	-327	
599	603	395	-298	
599	603	395	-322	
599	603	395	-315	
599	603	395	-316	
599	603	395	-318	
599	603	395	-332	
599	603	395	-299	
599	603	395	-343	
599	603	395	-323	
599	603	395	-358	
599	603	395	-330	
599	603	395	-321	
599	603	394	-316	
599	603	394	-318	
599	603	394	-362	
599	603	394	-315	
599	603	394	-318	
599	603	394	-344	
599	603	394	-330	
599	603	394	-312	
599	603	394	-318	
599	603	394	-324	
599	603	394	-354	
599	603	394	-333	
599	603	394	-360	
599	603	394	-343	
599	603	394	-328	
599	603	394	-329	
599	603	394	-351	
599	603	394	-314	
599	603	394	-329	
599	603	394	-328	
599	603	394	-294	
599	603	394	-312	
599	603	394	-335	
599	603	394	-319	
599	603	394	-332	
599	603	394	-319	
599	603	393	-343	
599	603	393	-348	
599	603	393	-315	
599	603	393	-330	
599	603	393	-320	
599	603	393	-309	
599	603	393	-341	
599	603	393	-332	
599	603	393	-346	
599	603	393	-312	
599	603	393	-343	
599	603	393	-305	
599	603	393	-326	
599	603	393	-346	
599	603	393	-282	
599	603	393	-310	
599	603	393	-360	
599	603	393	-336	
599	603	393	-329	
599	603	393	-347	
599	603	393	-313	
599	603	393	-338	
599	603	393	-319	
599	603	393	-324	
599	603	393	-336	
599	603	393	-346	
599	603	393	-324	
599	603	393	-326	
599	603	393	-338	
599	603	393	-319	
599	603	393	-343	
599	603	392	-326	
599	603	392	-323	
599	603	392	-326	
599	603	392	-331	
599	603	392	-353	
599	603	392	-313	
599	603	392	-338	
599	603	392	-348	
599	603	392	-329	
599	603	392	-310	
599	603	392	-321	
599	603	392	-341	
599	603	392	-341	
599	603	392	-328	
599	603	392	-334	
599	603	392	-326	
599	603	392	-355	
599	603	392	-338	
599	603	392	-360	
599	603	392	-329	
599	603	392	-306	
599	603	392	-355	
599	603	392	-353	
599	603	392	-349	
599	603	392	-338	
599	603	392	-311	
599	603	392	-323	
599	603	392	-316	
599	603	392	-324	
599	603	392	-334	
599	603	391	-366	
599	603	391	-336	
599	603	391	-363	
599	603	391	-338	
599	603	391	-370	
599	603	391	-304	
599	603	391	-360	
599	603	391	-356	
599	603	391	-348	
599	603	391	-318	
599	603	391	-333	
599	603	391	-372	
599	603	391	-353	
599	603	391	-336	
599	603	391	-335	
599	603	391	-336	
599	603	391	-328	
599	603	391	-358	
599	603	391	-339	
599	603	391	-341	
599	603	391	-309	
599	603	391	-345	
599	603	391	-364	
599	603	391	-334	
599	603	391	-324	
599	603	391	-322	
599	603	391	-324	
599	603	391	-350	
599	603	391	-346	
599	603	391	-360	
599	603	391	-371	
599	603	391	-339	
599	603	391	-353	
599	603	390	-384	
599	603	390	-356	
599	603	390	-353	
599	603	390	-331	
599	603	390	-334	
599	603	390	-339	
599	603	390	-353	
599	603	390	-334	
599	603	390	-372	
599	603	390	-323	
599	603	390	-334	
599	603	390	-349	
599	603	390	-361	
599	603	390	-338	
599	603	390	-345	
599	603	390	-364	
599	603	390	-362	
599	603	390	-361	
599	603	390	-341	
599	603	390	-358	
599	603	390	-355	
599	603	390	-324	
599	603	390	-351	
599	603	390	-337	
599	603	390	-351	
599	603	390	-372	
599	603	390	-359	
599	603	390	-380	
599	603	390	-320	
599	603	390	-370	
599	603	390	-353	
599	603	390	-353	
599	603	390	-355	
599	603	390	-336	
599	603	389	-375	
599	603	389	-382	
599	603	389	-341	
599	603	389	-336	
599	603	389	-373	
599	603	389	-349	
599	603	389	-352	
599	603	389	-347	
599	603	389	-321	
599	603	389	-329	
599	603	389	-359	
599	603	389	-353	
599	603	389	-363	
599	603	389	-330	
599	603	389	-367	
599	603	389	-339	
599	603	389	-361	
599	603	389	-369	
599	603	389	-400	
599	603	389	-355	
599	603	389	-388	
599	603	389	-351	
599	603	389	-330	
599	603	389	-364	
599	603	389	-389	
599	603	389	-375	
599	603	389	-342	
599	603	389	-368	
599	603	389	-335	
599	603	389	-413	
599	603	388	-353	
599	603	388	-371	
599	603	388	-354	
599	603	388	-350	
599	603	388	-360	
599	603	388	-404	
599	603	388	-341	
599	603	388	-379	
599	603	388	-360	
599	603	388	-345	
599	603	388	-365	
599	603	388	-368	
599	603	388	-381	
599	603	388	-368	
599	603	387	-343	
599	603	387	-368	
599	603	387	-335	
599	603	387	-334	
599	603	387	-362	
599	603	387	-363	
599	603	387	-377	
599	603	386	-370	
599	603	386	-340	
599	603	386	-387	
599	603	385	-370	
599	603	384	-320	
599	603	383	-363	
599	603	381	-306	
599	603	379	-335	
599	603	378	-351	
599	603	377	-286	
599	603	377	-328	
599	603	377	-352	
599	603	377	-308	
599	603	377	-321	
599	603	377	-303	
599	603	377	-355	
599	603	377	-311	
599	603	377	-292	
599	603	377	-313	
599	603	377	-339	
599	603	377	-339	
599	603	377	-298	
599	603	377	-331	
599	603	377	-332	
599	603	377	-369	
599	603	377	-300	
599	603	377	-353	
599	603	377	-375	
599	603	377	-341	
599	603	377	-310	
599	603	377	-349	
599	603	377	-340	
599	603	377	-331	
599	603	377	-325	
599	603	377	-319	
599	603	377	-331	
599	603	377	-302	
599	603	377	-339	
599	603	377	-339	
599	603	377	-326	
599	603	377	-328	
599	603	377	-334	
599	603	377	-329	
599	603	377	-294	
599	603	377	-319	
599	603	377	-337	
599	603	377	-337	
599	603	377	-333	
599	603	376	-371	
599	603	376	-353	
599	603	376	-349	
599	603	376	-376	
599	603	376	-347	
599	603	376	-334	
599	603	376	-338	
599	603	376	-323	
599	603	376	-353	
599	603	376	-312	
599	603	376	-339	
599	603	376	-335	
599	603	376	-329	
599	603	376	-327	
599	603	376	-361	
599	603	376	-323	
599	603	376	-353	
599	603	376	-337	
599	603	376	-331	
599	603	376	-334	
599	603	376	-328	
599	603	376	-345	
599	603	376	-349	
599	603	376	-333	
599	603	376	-371	
599	603	376	-378	
599	603	376	-335	
599	603	376	-314	
599	603	376	-306	
599	603	376	-327	
599	603	376	-351	
599	603	376	-351	
599	603	376	-327	
599	603	376	-320	
599	603	376	-320	
599	603	376	-341	
599	603	376	-308	
599	603	376	-331	
599	603	376	-323	
599	603	376	-355	
599	603	376	-339	
599	603	376	-323	
599	603	376	-321	
599	603	376	-286	
599	603	376	-298	
599	603	376	-327	
599	603	376	-333	
599	603	376	-341	
599	603	376	-355	
599	603	376	-327	
599	603	376	-313	
599	603	376	-343	
599	603	376	-337	
599	603	376	-386	
599	603	375	-368	
599	603	375	-325	
599	603	375	-329	
599	603	375	-337	
599	603	375	-361	
599	603	375	-337	
599	603	375	-337	
599	603	375	-376	
599	603	375	-370	
599	603	375	-345	
599	603	375	-314	
599	603	375	-365	
599	603	375	-408	
599	603	375	-329	
599	603	375	-349	
599	603	375	-349	
599	603	375	-339	
599	603	375	-357	
599	603	375	-341	
599	603	375	-347	
599	603	375	-339	
599	603	375	-361	
599	603	375	-355	
599	603	375	-376	
599	603	375	-368	
599	603	375	-351	
599	603	375	-339	
599	603	375	-386	
599	603	375	-349	
599	603	375	-361	
599	603	375	-333	
599	603	375	-345	
599	603	375	-358	
599	603	375	-373	
599	603	375	-343	
599	603	375	-328	
599	603	375	-356	
599	603	375	-349	
599	603	375	-368	
599	603	375	-345	
599	603	375	-357	
599	603	375	-329	
