0	-1	-1	-22	
0	-1	-1	0	
0	-1	-1	5	
0	-1	-1	13	
0	-1	-1	-23	
0	-1	-1	-9	
0	-1	-1	18	
0	-1	-1	13	
0	-1	-1	35	
0	-1	-1	-31	
0	-1	-1	-20	
0	-1	-1	-1	
0	-1	-1	33	
0	-1	-1	-28	
0	-1	-1	-2	
0	-1	-1	39	
0	-1	-1	-18	
0	-1	-1	-39	
0	-1	-1	38	
0	-1	-1	8	
0	-1	-1	-75	
0	-1	-1	-25	
0	-1	-1	-31	
0	-1	-1	-25	
0	-1	-1	24	
0	-1	-1	27	
0	-1	-1	-31	
0	-1	-1	13	
0	-1	-1	30	
0	-1	-1	38	
0	-1	-1	-20	
0	-1	-1	-3	
0	-1	-1	-18	
0	-1	-1	0	
0	-1	-1	2	
0	-1	-1	-23	
0	-1	-1	47	
0	-1	-1	-4	
0	-1	-1	21	
0	-1	-1	8	
0	-1	-1	-14	
0	-1	-1	30	
0	-1	-1	-31	
0	-1	-1	14	
0	-1	-1	-9	
0	-1	-1	-50	
0	-1	-1	-21	
0	-1	-1	11	
0	-1	-1	-14	
0	-1	-1	-31	
0	-1	-1	-50	
0	-1	-1	-29	
0	-1	-1	-14	
0	-1	-1	-26	
0	-1	-1	8	
0	-1	-1	13	
0	-1	-1	15	
0	-1	-1	-31	
0	-1	-1	-7	
0	-1	-1	46	
0	-1	-1	40	
0	-1	-1	2	
0	-1	-1	-7	
0	-1	-1	11	
0	-1	-1	39	
0	-1	-1	18	
0	-1	-1	9	
0	-1	-1	2	
0	-1	-1	-15	
0	-1	-1	13	
0	-1	-1	0	
0	-1	-1	-3	
0	-1	-1	35	
0	-1	-1	-8	
0	-1	-1	1	
0	-1	-1	-23	
0	-1	-1	-23	
0	-1	-1	-34	
0	-1	-1	-47	
0	-1	-1	-4	
0	-1	-1	-10	
0	-1	-1	30	
0	-1	-1	30	
0	-1	-1	-23	
0	-1	-1	-72	
0	-1	-1	-5	
0	-1	-1	10	
0	-1	-1	16	
0	-1	-1	-25	
0	-1	-1	-3	
0	-1	-1	-101	
0	-1	-1	-14	
0	-1	-1	18	
0	-1	-1	8	
0	-1	-1	-41	
0	-1	-1	23	
0	-1	-1	24	
0	-1	-1	-18	
0	-1	-1	2	
0	-1	-1	-15	
0	-1	-1	-11	
0	-1	-1	-28	
0	-1	-1	17	
0	-1	-1	5	
0	-1	-1	16	
0	-1	-1	0	
0	-1	-1	30	
0	-1	-1	-36	
0	-1	-1	-28	
0	-1	-1	-29	
0	-1	-1	13	
0	-1	-1	-10	
0	-1	-1	-6	
0	-1	-1	-31	
0	-1	-1	-17	
0	-1	-1	32	
0	-1	-1	-31	
0	-1	-1	0	
0	-1	-1	-17	
0	-1	-1	44	
0	-1	-1	-8	
0	-1	-1	-8	
0	-1	-1	47	
0	-1	-1	28	
0	-1	-1	-8	
0	-1	-1	46	
0	-1	-1	-58	
0	-1	-1	14	
0	-1	-1	23	
0	-1	-1	-8	
0	-1	-1	-16	
0	-1	-1	21	
0	-1	-1	-15	
0	-1	-1	21	
0	-1	-1	-72	
0	-1	-1	49	
0	-1	-1	-3	
0	-1	-1	29	
0	-1	-1	11	
0	-1	-1	-23	
0	-1	-1	-23	
0	-1	-1	2	
0	-1	-1	16	
0	-1	-1	-53	
0	-1	-1	4	
0	-1	-1	-23	
0	-1	-1	-6	
0	-1	-1	-20	
0	-1	-1	1	
0	-1	-1	-34	
0	-1	-1	0	
0	-1	-1	35	
0	-1	-1	-22	
0	-1	-1	11	
0	-1	-1	-12	
0	-1	-1	0	
0	-1	-1	-3	
0	-1	-1	30	
0	-1	-1	8	
0	-1	-1	-17	
0	-1	-1	7	
0	-1	-1	35	
0	-1	-1	2	
0	-1	-1	-40	
0	-1	-1	-37	
0	-1	-1	-4	
0	-1	-1	-28	
0	-1	-1	-37	
0	-1	-1	7	
0	-1	-1	30	
0	-1	-1	-31	
0	-1	-1	20	
0	-1	-1	-15	
0	-1	-1	-7	
0	-1	-1	22	
0	-1	-1	8	
0	-1	-1	5	
0	-1	-1	-63	
0	-1	-1	-10	
0	-1	-1	55	
0	-1	-1	-8	
0	-1	-1	-7	
0	-1	-1	-10	
0	-1	-1	19	
0	-1	-1	-19	
0	-1	-1	0	
0	-1	-1	-44	
0	-1	-1	-25	
0	-1	-1	-17	
0	-1	-1	7	
0	-1	-1	-6	
0	-1	-1	-25	
0	-1	-1	-53	
0	-1	-1	55	
0	-1	-1	-58	
0	-1	-1	23	
0	-1	-1	-34	
0	-1	-1	-33	
0	-1	-1	-53	
0	-1	-1	14	
0	-1	-1	-31	
0	-1	-1	33	
0	-1	-1	-17	
0	-1	-1	10	
0	-1	-1	-3	
0	-1	-1	8	
0	-1	-1	24	
0	-1	-1	0	
0	-1	-1	13	
0	-1	-1	-4	
0	-1	-1	30	
0	-1	-1	-26	
0	-1	-1	-4	
0	-1	-1	-6	
0	-1	-1	35	
0	-1	-1	2	
0	-1	-1	19	
0	-1	-1	-23	
0	-1	-1	44	
0	-1	-1	-20	
0	-1	-1	-9	
0	-1	-1	-43	
0	-1	-1	27	
0	-1	-1	13	
0	-1	-1	-37	
0	-1	-1	-22	
0	-1	-1	79	
0	-1	-1	-10	
0	-1	-1	-15	
0	-1	-1	-42	
0	-1	-1	-17	
0	-1	-1	26	
0	-1	-1	-36	
0	-1	-1	-23	
0	-1	-1	-38	
0	-1	-1	55	
0	-1	-1	-19	
0	-1	-1	-34	
0	-1	-1	-1	
0	-1	-1	-26	
0	-1	-1	10	
0	-1	-1	38	
0	-1	-1	-6	
0	-1	-1	-29	
0	-1	-1	21	
0	-1	-1	33	
0	-1	-1	-1	
0	-1	-1	22	
0	-1	-1	5	
0	-1	-1	33	
0	-1	-1	60	
0	-1	-1	-6	
0	-1	-1	11	
0	-1	-1	41	
0	-1	-1	7	
0	-1	-1	-5	
0	-1	-1	-47	
0	-1	-1	10	
0	-1	-1	-15	
0	-1	-1	24	
0	-1	-1	-19	
0	-1	-1	-26	
0	-1	-1	-56	
0	-1	-1	-17	
0	-1	-1	-28	
0	-1	-1	19	
0	-1	-1	-25	
0	-1	-1	65	
0	-1	-1	-8	
0	-1	-1	-15	
0	-1	-1	25	
0	-1	-1	0	
0	-1	-1	-28	
0	-1	-1	-8	
0	-1	-1	16	
0	-1	-1	-39	
0	-1	-1	-6	
0	-1	-1	7	
0	-1	-1	-14	
0	-1	-1	33	
0	-1	-1	-6	
0	-1	-1	55	
0	-1	-1	13	
0	-1	-1	5	
0	-1	-1	0	
0	-1	-1	0	
0	-1	-1	24	
0	-1	-1	0	
0	-1	-1	-7	
0	-1	-1	27	
0	-1	-1	46	
0	-1	-1	84	
0	-1	-1	10	
0	-1	-1	-23	
0	-1	-1	24	
0	-1	-1	29	
0	-1	-1	-6	
0	-1	-1	24	
0	-1	-1	46	
0	-1	-1	4	
0	-1	-1	-4	
0	-1	-1	-17	
0	-1	-1	-4	
0	-1	-1	-14	
0	-1	-1	-1	
0	-1	-1	61	
0	-1	-1	38	
0	-1	-1	-12	
0	-1	-1	11	
0	-1	-1	32	
0	-1	-1	5	
0	-1	-1	0	
0	-1	-1	0	
0	-1	-1	-15	
0	-1	-1	38	
0	-1	-1	22	
0	-1	-1	-4	
0	-1	-1	5	
0	-1	-1	18	
0	-1	-1	-22	
0	-1	-1	2	
0	-1	-1	19	
0	-1	-1	-34	
0	-1	-1	33	
0	-1	-1	21	
0	-1	-1	24	
0	-1	-1	21	
0	-1	-1	0	
0	-1	-1	-25	
0	-1	-1	-8	
0	-1	-1	-40	
0	-1	-1	-3	
0	-1	-1	-53	
0	-1	-1	-5	
0	-1	-1	-20	
0	-1	-1	-7	
0	-1	-1	-10	
0	-1	-1	-47	
0	-1	-1	2	
0	-1	-1	30	
0	-1	-1	19	
0	-1	-1	-29	
0	-1	-1	-53	
0	-1	-1	10	
0	-1	-1	-9	
0	-1	-1	-26	
0	-1	-1	16	
0	-1	-1	10	
0	-1	-1	11	
0	-1	-1	41	
0	-1	-1	-23	
0	-1	-1	-1	
0	-1	-1	-61	
0	-1	-1	8	
0	-1	-1	-4	
0	-1	-1	-12	
0	-1	-1	-12	
0	-1	-1	13	
0	-1	-1	-36	
0	-1	-1	16	
0	-1	-1	-64	
0	-1	-1	-41	
0	-1	-1	5	
0	-1	-1	29	
0	-1	-1	30	
0	-1	-1	14	
0	-1	-1	2	
0	-1	-1	-12	
0	-1	-1	2	
0	-1	-1	-17	
0	-1	-1	0	
0	-1	-1	-36	
0	-1	-1	33	
0	-1	-1	-61	
0	-1	-1	-6	
0	-1	-1	19	
0	-1	-1	30	
0	-1	-1	51	
0	-1	-1	16	
0	-1	-1	-6	
0	-1	-1	47	
0	-1	-1	-3	
0	-1	-1	-66	
0	-1	-1	-4	
0	-1	-1	46	
0	-1	-1	-6	
0	-1	-1	-3	
0	-1	-1	-14	
0	-1	-1	-1	
0	-1	-1	-56	
0	-1	-1	-12	
0	-1	-1	-31	
0	-1	-1	49	
0	-1	-1	-7	
0	-1	-1	-17	
0	-1	-1	65	
0	-1	-1	38	
0	-1	-1	-33	
0	-1	-1	-20	
0	-1	-1	-20	
0	-1	-1	-59	
0	-1	-1	-1	
0	-1	-1	-24	
0	-1	-1	-66	
0	-1	-1	-44	
0	-1	-1	41	
0	-1	-1	2	
0	-1	-1	-23	
0	-1	-1	24	
0	-1	-1	-23	
0	-1	-1	-42	
0	-1	-1	21	
0	-1	-1	-39	
0	-1	-1	19	
0	-1	-1	-17	
0	-1	-1	6	
0	-1	-1	-3	
0	-1	-1	-4	
0	-1	-1	-14	
0	-1	-1	-17	
0	-1	-1	-8	
0	-1	-1	-11	
0	-1	-1	-14	
0	-1	-1	-42	
0	-1	-1	2	
0	-1	-1	-4	
0	-1	-1	10	
0	-1	-1	2	
0	-1	-1	-18	
0	-1	-1	-44	
0	-1	-1	-9	
0	-1	-1	-23	
0	-1	-1	5	
0	-1	-1	-9	
0	-1	-1	-12	
0	-1	-1	-23	
0	-1	-1	-12	
0	-1	-1	-11	
0	-1	-1	18	
0	-1	-1	28	
0	-1	-1	23	
0	-1	-1	-14	
0	-1	-1	-25	
0	-1	-1	-16	
0	-1	-1	-44	
0	-1	-1	21	
0	-1	-1	15	
0	-1	-1	-42	
0	-1	-1	-22	
0	-1	-1	-41	
0	-1	-1	14	
0	-1	-1	14	
0	-1	-1	19	
0	-1	-1	2	
0	-1	-1	38	
0	-1	-1	0	
0	-1	-1	-61	
0	-1	-1	26	
0	-1	-1	-17	
0	-1	-1	-39	
0	-1	-1	33	
0	-1	-1	10	
0	-1	-1	8	
0	-1	-1	19	
0	-1	-1	-23	
0	-1	-1	-23	
0	-1	-1	74	
0	-1	-1	-36	
0	-1	-1	-58	
0	-1	-1	18	
0	-1	-1	-7	
0	-1	-1	33	
0	-1	-1	11	
0	-1	-1	16	
0	-1	-1	-6	
0	-1	-1	10	
0	-1	-1	-11	
0	-1	-1	38	
0	-1	-1	-20	
0	-1	-1	-39	
0	-1	-1	38	
0	-1	-1	8	
0	-1	-1	-4	
0	-1	-1	39	
0	-1	-1	-72	
0	-1	-1	-41	
0	-1	-1	13	
0	-1	-1	-15	
0	-1	-1	8	
0	-1	-1	-8	
0	-1	-1	-9	
0	-1	-1	24	
0	-1	-1	4	
0	-1	-1	-3	
0	-1	-1	13	
0	-1	-1	10	
0	-1	-1	-78	
0	-1	-1	33	
0	-1	-1	38	
0	-1	-1	-31	
0	-1	-1	-34	
0	-1	-1	-20	
0	-1	-1	0	
0	-1	-1	-8	
0	-1	-1	-31	
0	-1	-1	-3	
0	-1	-1	11	
0	-1	-1	-22	
0	-1	-1	10	
0	-1	-1	-20	
0	-1	-1	24	
0	-1	-1	30	
0	-1	-1	21	
0	-1	-1	21	
0	-1	-1	13	
0	-1	-1	55	
0	-1	-1	30	
0	-1	-1	0	
0	-1	-1	-4	
0	-1	-1	0	
0	-1	-1	-78	
0	-1	-1	-11	
0	-1	-1	-17	
0	-1	-1	27	
0	-1	-1	-25	
0	-1	-1	-42	
0	-1	-1	-17	
0	-1	-1	-5	
0	-1	-1	5	
0	-1	-1	31	
0	-1	-1	41	
0	-1	-1	60	
0	-1	-1	-50	
0	-1	-1	37	
0	-1	-1	-10	
0	-1	-1	-28	
0	-1	-1	7	
0	-1	-1	-52	
0	-1	-1	-31	
0	-1	-1	-25	
0	-1	-1	19	
0	-1	-1	5	
0	-1	-1	20	
0	-1	-1	2	
0	-1	-1	0	
0	-1	-1	-22	
0	-1	-1	-18	
0	-1	-1	-3	
0	-1	-1	22	
0	-1	-1	46	
0	-1	-1	-22	
0	-1	-1	-29	
0	-1	-1	-4	
0	-1	-1	22	
0	-1	-1	18	
0	-1	-1	19	
0	-1	-1	2	
0	-1	-1	13	
0	-1	-1	-12	
0	-1	-1	-35	
0	-1	-1	21	
0	-1	-1	7	
0	-1	-1	-12	
0	-1	-1	46	
0	-1	-1	65	
0	-1	-1	-70	
0	-1	-1	-19	
0	-1	-1	10	
0	-1	-1	10	
0	-1	-1	-25	
0	-1	-1	-9	
0	-1	-1	0	
0	-1	-1	-31	
0	-1	-1	0	
0	-1	-1	-36	
0	-1	-1	33	
0	-1	-1	1	
0	-1	-1	38	
0	-1	-1	14	
0	-1	-1	32	
0	-1	-1	13	
0	-1	-1	38	
0	-1	-1	-28	
0	-1	-1	-14	
0	-1	-1	16	
0	-1	-1	-34	
0	-1	-1	-39	
0	-1	-1	-9	
0	-1	-1	-39	
0	-1	-1	35	
0	-1	-1	-36	
0	-1	-1	-9	
0	-1	-1	-28	
0	-1	-1	-26	
0	-1	-1	-7	
0	-1	-1	-39	
0	-1	-1	-34	
0	-1	-1	-44	
0	-1	-1	2	
0	-1	-1	-3	
0	-1	-1	0	
0	-1	-1	-17	
0	-1	-1	19	
0	-1	-1	2	
0	-1	-1	-6	
0	-1	-1	30	
0	-1	-1	44	
0	-1	-1	-8	
0	-1	-1	8	
0	-1	-1	-4	
0	-1	-1	-17	
0	-1	-1	17	
0	-1	-1	-12	
0	-1	-1	-3	
0	-1	-1	-39	
0	-1	-1	-34	
0	-1	-1	-34	
0	-1	-1	-20	
0	-1	-1	-20	
0	-1	-1	-25	
0	-1	-1	-12	
0	-1	-1	47	
0	-1	-1	76	
0	-1	-1	16	
0	-1	-1	0	
0	-1	-1	8	
0	-1	-1	-31	
0	-1	-1	-7	
0	-1	-1	30	
0	-1	-1	-4	
0	-1	-1	2	
0	-1	-1	-4	
0	-1	-1	30	
0	-1	-1	-26	
0	-1	-1	-45	
0	-1	-1	27	
0	-1	-1	-7	
0	-1	-1	-7	
0	-1	-1	19	
0	-1	-1	18	
0	-1	-1	49	
0	-1	-1	-41	
0	-1	-1	-5	
0	-1	-1	-9	
0	-1	-1	0	
0	-1	-1	-17	
0	-1	-1	35	
0	-1	-1	-11	
0	-1	-1	-89	
599	-1	-22018	57	
599	-1	-22018	16	
599	-1	-22018	-14	
599	-1	-22018	2	
599	-1	-22018	-28	
599	-1	-22018	44	
599	-1	-22018	-39	
599	-1	-22018	-23	
599	-1	-22018	11	
599	-1	-22018	2	
599	-1	-22018	-7	
599	-1	-22018	29	
599	-1	-22018	-47	
599	-1	-22018	-9	
599	-1	-22018	5	
599	-1	-22018	-22	
599	-1	-22018	19	
599	-1	-22018	30	
599	-1	-22018	38	
599	-1	-22018	-25	
599	-1	-22018	10	
599	-1	-22018	24	
599	-1	-22018	-23	
599	-1	-22018	2	
599	-1	-22018	0	
599	-1	-22018	29	
599	-1	-22018	2	
599	-1	-22018	28	
599	-1	-22018	-47	
599	-1	-22018	-14	
599	-1	-22018	-6	
599	-1	-22018	-11	
599	-1	-22018	-31	
599	-1	-22018	-55	
599	-1	-22018	1293	
599	0	-22018	1299	
599	0	-22017	1323	
599	1	-22016	1300	
599	1	-22015	1323	
599	2	-22014	1328	
599	4	-22012	1399	
599	5	-22010	1287	
599	6	-22008	1370	
599	8	-22006	1267	
599	10	-22003	1394	
599	12	-22000	1395	
599	13	-21998	1340	
599	16	-21995	1455	
599	18	-21991	1413	
599	20	-21988	1147	
599	22	-21985	1327	
599	25	-21981	1389	
599	27	-21977	1446	
599	30	-21974	1421	
599	32	-21970	1426	
599	35	-21966	1275	
599	38	-21962	1197	
599	41	-21958	1306	
599	43	-21954	1266	
599	46	-21949	1329	
599	49	-21945	1295	
599	52	-21941	1275	
599	55	-21936	1279	
599	58	-21931	1284	
599	61	-21927	1188	
599	65	-21922	1243	
599	68	-21917	1215	
599	71	-21912	1324	
599	74	-21907	1407	
599	78	-21902	1382	
599	81	-21897	1343	
599	85	-21892	1314	
599	88	-21886	1309	
599	92	-21881	1094	
599	95	-21876	1387	
599	99	-21870	1519	
599	102	-21864	1343	
599	106	-21859	1344	
599	110	-21853	1138	
599	113	-21847	1394	
599	117	-21841	1398	
599	121	-21835	1200	
599	124	-21829	1227	
599	128	-21823	1462	
599	132	-21817	1341	
599	136	-21810	1185	
599	140	-21804	1402	
599	144	-21797	1448	
599	147	-21791	1230	
599	151	-21784	1283	
599	155	-21777	1488	
599	159	-21771	1251	
599	163	-21764	1276	
599	167	-21757	1525	
599	171	-21749	1379	
599	175	-21742	1366	
599	179	-21735	1432	
599	183	-21727	1181	
599	187	-21720	1352	
599	191	-21712	1306	
599	196	-21705	1045	
599	200	-21697	1545	
599	204	-21689	1170	
599	208	-21681	1362	
599	212	-21672	1697	
599	216	-21664	1070	
599	220	-21655	1404	
599	225	-21647	1315	
599	229	-21638	1355	
599	233	-21629	1349	
599	237	-21620	1058	
599	241	-21611	1573	
599	246	-21601	1179	
599	250	-21592	1403	
599	254	-21582	1594	
599	258	-21572	1303	
599	262	-21562	1429	
599	267	-21552	999	
599	271	-21541	1486	
599	275	-21530	1126	
599	280	-21519	1443	
599	284	-21508	1689	
599	288	-21497	1263	
599	292	-21485	1352	
599	297	-21473	1089	
599	301	-21461	1403	
599	305	-21449	1022	
599	309	-21436	1474	
599	314	-21423	1299	
599	318	-21410	1354	
599	322	-21396	1236	
599	327	-21382	1305	
599	331	-21368	1326	
599	335	-21353	1056	
599	340	-21338	1430	
599	344	-21322	1038	
599	348	-21306	1501	
599	353	-21290	1108	
599	357	-21273	1432	
599	361	-21255	1428	
599	365	-21237	1350	
599	370	-21219	1271	
599	374	-21200	1154	
599	378	-21180	1530	
599	383	-21160	921	
599	387	-21139	1552	
599	391	-21117	1139	
599	396	-21095	1355	
599	400	-21072	1197	
599	404	-21048	1281	
599	408	-21023	1429	
599	413	-20997	1130	
599	417	-20970	1381	
599	421	-20942	1062	
599	425	-20913	1387	
599	430	-20882	1090	
599	434	-20851	1290	
599	438	-20818	1210	
599	442	-20783	1064	
599	446	-20747	1452	
599	451	-20710	1016	
599	455	-20670	1354	
599	459	-20628	1165	
599	463	-20584	1111	
599	467	-20538	1408	
599	471	-20490	954	
599	476	-20439	1192	
599	480	-20385	1246	
599	484	-20328	972	
599	488	-20267	1410	
599	492	-20202	1256	
599	496	-20133	1242	
599	500	-20060	1253	
599	504	-19981	985	
599	508	-19897	1161	
599	512	-19807	1165	
599	516	-19709	949	
599	520	-19605	1170	
599	524	-19491	1216	
599	528	-19366	1075	
599	532	-19230	1107	
599	535	-19082	1170	
599	539	-18919	1201	
599	543	-18741	675	
599	547	-18543	972	
599	550	-18323	1093	
599	554	-18078	883	
599	558	-17802	766	
599	561	-17490	793	
599	565	-17133	792	
599	568	-16728	914	
599	571	-16262	648	
599	575	-15721	762	
599	578	-15093	400	
599	581	-14350	564	
599	584	-13479	110	
599	587	-12442	332	
599	589	-11219	23	
599	592	-9767	-131	
599	594	-8055	-488	
599	596	-6140	-796	
599	597	-4023	-939	
599	599	-1895	-1321	
599	599	-187	-1472	
599	600	711	-1485	
599	600	735	-1297	
599	600	191	-1000	
599	599	-631	-689	
599	599	-1607	-522	
599	598	-2593	-379	
599	598	-3512	-338	
599	597	-4302	-221	
599	597	-4918	-180	
599	596	-5375	-221	
599	596	-5671	-188	
599	596	-5797	-195	
599	596	-5781	-273	
599	596	-5699	-321	
599	596	-5615	-355	
599	596	-5557	-378	
599	596	-5538	-327	
599	596	-5548	-283	
599	596	-5552	-298	
599	596	-5546	-329	
599	596	-5548	-293	
599	596	-5549	-283	
599	596	-5547	-313	
599	596	-5548	-326	
599	596	-5548	-312	
599	596	-5548	-335	
599	596	-5548	-339	
599	596	-5548	-297	
599	596	-5548	-341	
599	596	-5548	-306	
599	596	-5550	-335	
599	596	-5551	-339	
599	596	-5550	-347	
599	596	-5550	-350	
599	596	-5550	-333	
599	596	-5550	-283	
599	596	-5550	-377	
599	596	-5550	-366	
599	596	-5550	-320	
599	596	-5551	-407	
599	596	-5550	-394	
599	596	-5550	-305	
599	596	-5550	-321	
599	596	-5550	-342	
599	596	-5550	-386	
599	596	-5550	-355	
599	596	-5550	-319	
599	596	-5550	-355	
599	596	-5550	-339	
599	596	-5550	-332	
599	596	-5550	-304	
599	596	-5550	-365	
599	596	-5550	-341	
599	596	-5550	-297	
599	596	-5551	-317	
599	596	-5550	-359	
599	596	-5550	-385	
599	596	-5550	-347	
599	596	-5550	-388	
599	596	-5551	-320	
599	596	-5551	-297	
599	596	-5550	-343	
599	596	-5551	-414	
599	596	-5550	-343	
599	596	-5551	-353	
599	596	-5551	-320	
599	596	-5551	-336	
599	596	-5551	-374	
599	596	-5551	-351	
599	596	-5551	-272	
599	596	-5551	-319	
599	596	-5551	-304	
599	596	-5551	-305	
599	596	-5551	-387	
599	596	-5550	-302	
599	596	-5551	-339	
599	596	-5551	-334	
599	596	-5551	-364	
599	596	-5551	-379	
599	596	-5550	-354	
599	596	-5551	-364	
599	596	-5551	-374	
599	596	-5551	-297	
599	596	-5550	-351	
599	596	-5551	-391	
599	596	-5551	-284	
599	596	-5551	-320	
599	596	-5551	-326	
599	596	-5551	-360	
599	596	-5551	-394	
599	596	-5551	-306	
599	596	-5551	-313	
599	596	-5551	-320	
599	596	-5551	-327	
599	596	-5550	-378	
599	596	-5551	-378	
599	596	-5551	-345	
599	596	-5551	-360	
599	596	-5551	-350	
599	596	-5551	-360	
599	596	-5551	-355	
599	596	-5551	-391	
599	596	-5551	-332	
599	596	-5551	-386	
599	596	-5551	-369	
599	596	-5551	-342	
599	596	-5551	-357	
599	596	-5551	-332	
599	596	-5551	-331	
599	596	-5551	-378	
599	596	-5551	-348	
599	596	-5551	-366	
599	596	-5551	-308	
599	596	-5551	-318	
599	596	-5551	-366	
599	596	-5551	-344	
599	596	-5551	-380	
599	596	-5551	-380	
599	596	-5551	-299	
599	596	-5551	-311	
599	596	-5551	-378	
599	596	-5551	-300	
599	596	-5551	-347	
599	596	-5551	-370	
599	596	-5551	-368	
599	596	-5551	-347	
599	596	-5551	-262	
599	596	-5551	-357	
599	596	-5551	-378	
599	596	-5551	-316	
599	596	-5551	-333	
599	596	-5551	-384	
599	596	-5551	-348	
599	596	-5551	-418	
599	596	-5551	-336	
599	596	-5551	-338	
599	596	-5551	-369	
599	596	-5551	-314	
599	596	-5551	-301	
599	596	-5551	-367	
599	596	-5551	-401	
599	596	-5551	-314	
599	596	-5551	-340	
599	596	-5551	-287	
599	596	-5551	-324	
599	596	-5551	-327	
599	596	-5551	-369	
599	596	-5551	-359	
599	596	-5551	-370	
599	596	-5551	-354	
599	596	-5551	-358	
599	596	-5551	-394	
599	596	-5551	-368	
599	596	-5551	-374	
599	596	-5551	-350	
599	596	-5551	-341	
599	596	-5551	-378	
599	596	-5551	-327	
599	596	-5551	-385	
599	596	-5551	-329	
599	596	-5551	-310	
599	596	-5551	-321	
599	596	-5551	-366	
599	596	-5551	-364	
599	596	-5551	-311	
599	596	-5551	-329	
599	596	-5551	-339	
599	596	-5551	-292	
599	596	-5551	-358	
599	596	-5551	-363	
599	596	-5551	-320	
599	596	-5551	-358	
599	596	-5551	-304	
599	596	-5551	-283	
599	596	-5551	-339	
599	596	-5551	-305	
599	596	-5551	-296	
599	596	-5551	-293	
599	596	-5551	-322	
599	596	-5551	-363	
599	596	-5551	-376	
599	596	-5551	-363	
599	596	-5551	-355	
599	596	-5551	-342	
599	596	-5551	-288	
599	596	-5551	-342	
599	596	-5551	-347	
599	596	-5551	-377	
599	596	-5551	-302	
599	596	-5551	-303	
599	596	-5551	-318	
599	596	-5551	-398	
599	596	-5551	-346	
599	596	-5551	-378	
599	596	-5551	-333	
599	596	-5551	-307	
599	596	-5551	-324	
599	596	-5551	-334	
599	596	-5551	-284	
599	596	-5551	-324	
599	596	-5551	-353	
599	596	-5551	-399	
599	596	-5551	-328	
599	596	-5551	-349	
599	596	-5551	-321	
599	596	-5551	-296	
599	596	-5551	-300	
599	596	-5551	-342	
599	596	-5551	-314	
599	596	-5551	-367	
599	596	-5551	-393	
599	596	-5551	-347	
599	596	-5551	-311	
599	596	-5551	-370	
599	596	-5551	-386	
599	596	-5551	-308	
599	596	-5551	-363	
599	596	-5551	-351	
599	596	-5551	-335	
599	596	-5551	-339	
599	596	-5551	-313	
599	596	-5551	-326	
599	596	-5551	-348	
599	596	-5551	-315	
599	596	-5551	-296	
599	596	-5551	-324	
599	596	-5551	-366	
599	596	-5551	-275	
599	596	-5551	-350	
599	596	-5551	-322	
599	596	-5551	-369	
599	596	-5551	-304	
599	596	-5551	-394	
599	596	-5551	-401	
599	596	-5551	-368	
599	596	-5551	-342	
599	596	-5551	-297	
599	596	-5551	-341	
599	596	-5551	-320	
599	596	-5551	-299	
599	596	-5551	-387	
599	596	-5551	-319	
599	596	-5551	-296	
599	596	-5551	-304	
599	596	-5551	-379	
599	596	-5551	-315	
599	596	-5551	-352	
599	596	-5551	-430	
599	596	-5551	-305	
599	596	-5551	-297	
599	596	-5551	-399	
599	596	-5551	-311	
599	596	-5551	-378	
599	596	-5551	-332	
599	596	-5551	-343	
599	596	-5551	-392	
599	596	-5551	-333	
599	596	-5551	-370	
599	596	-5551	-357	
599	596	-5551	-348	
599	596	-5551	-384	
599	596	-5551	-385	
599	596	-5551	-405	
599	596	-5551	-406	
599	596	-5551	-373	
599	596	-5551	-355	
599	596	-5551	-354	
599	596	-5551	-329	
599	596	-5551	-305	
599	596	-5551	-331	
599	596	-5551	-370	
599	596	-5551	-365	
599	596	-5551	-335	
599	596	-5551	-327	
599	596	-5551	-317	
599	596	-5551	-346	
599	596	-5551	-347	
599	596	-5551	-354	
599	596	-5551	-416	
599	596	-5551	-341	
599	596	-5551	-312	
599	596	-5551	-365	
599	596	-5551	-355	
599	596	-5551	-370	
599	596	-5551	-351	
599	596	-5551	-342	
599	596	-5551	-345	
599	596	-5551	-371	
599	596	-5551	-338	
599	596	-5551	-344	
599	596	-5551	-307	
599	596	-5551	-378	
599	596	-5551	-292	
599	596	-5551	-296	
599	596	-5551	-422	
599	596	-5551	-350	
599	596	-5551	-341	
599	596	-5551	-306	
599	596	-5551	-392	
599	596	-5551	-401	
599	596	-5551	-347	
599	596	-5551	-373	
599	596	-5551	-330	
599	596	-5551	-326	
599	596	-5551	-401	
599	596	-5551	-386	
599	596	-5551	-310	
599	596	-5551	-312	
599	596	-5551	-312	
599	596	-5551	-391	
599	596	-5551	-322	
599	596	-5551	-362	
599	596	-5551	-311	
599	596	-5551	-304	
599	596	-5551	-353	
599	596	-5550	-305	
599	596	-5551	-378	
599	596	-5551	-299	
599	596	-5551	-326	
599	596	-5551	-336	
599	596	-5551	-342	
599	596	-5551	-336	
599	596	-5551	-362	
599	596	-5551	-401	
599	596	-5551	-370	
599	596	-5551	-349	
599	596	-5551	-378	
599	596	-5552	-365	
599	596	-5551	-289	
599	596	-5551	-366	
599	596	-5551	-366	
599	596	-5551	-320	
599	596	-5551	-314	
599	596	-5551	-326	
599	596	-5552	-385	
599	596	-5551	-371	
599	596	-5551	-329	
599	596	-5552	-309	
599	596	-5551	-339	
599	596	-5551	-321	
599	596	-5551	-304	
599	596	-5551	-355	
599	596	-5551	-326	
599	596	-5551	-381	
599	596	-5551	-335	
599	596	-5551	-290	
599	596	-5551	-349	
599	596	-5551	-336	
599	596	-5551	-319	
599	596	-5551	-302	
599	596	-5551	-335	
599	596	-5551	-332	
599	596	-5551	-326	
599	596	-5551	-342	
599	596	-5551	-315	
599	596	-5551	-348	
599	596	-5551	-381	
599	596	-5551	-340	
599	596	-5551	-391	
599	596	-5551	-335	
599	596	-5551	-336	
599	596	-5551	-360	
599	596	-5552	-333	
599	596	-5551	-311	
599	596	-5551	-386	
599	596	-5551	-312	
599	596	-5551	-295	
599	596	-5551	-299	
599	596	-5551	-333	
599	596	-5551	-321	
599	596	-5551	-282	
599	596	-5551	-385	
599	596	-5551	-317	
599	596	-5551	-296	
599	596	-5551	-316	
599	596	-5551	-330	
599	596	-5551	-317	
599	596	-5551	-332	
599	596	-5551	-307	
599	596	-5551	-423	
599	596	-5551	-333	
599	596	-5551	-336	
599	596	-5551	-379	
599	596	-5551	-311	
599	596	-5551	-373	
599	596	-5551	-303	
599	596	-5551	-338	
599	596	-5551	-305	
599	596	-5551	-387	
599	596	-5551	-335	
599	596	-5551	-351	
599	596	-5551	-378	
599	596	-5551	-396	
599	596	-5551	-265	
599	596	-5551	-338	
599	596	-5551	-387	
599	596	-5551	-318	
599	596	-5551	-375	
599	596	-5551	-378	
599	596	-5551	-312	
599	596	-5551	-366	
599	596	-5551	-329	
599	596	-5552	-295	
599	596	-5551	-326	
599	596	-5551	-342	
599	596	-5551	-312	
599	596	-5551	-328	
599	596	-5552	-325	
599	596	-5551	-320	
599	596	-5551	-299	
599	596	-5551	-346	
599	596	-5551	-356	
599	596	-5551	-393	
599	596	-5551	-297	
599	596	-5551	-333	
599	596	-5551	-320	
599	596	-5551	-317	
599	596	-5551	-311	
599	596	-5551	-370	
599	596	-5551	-335	
599	596	-5551	-404	
599	596	-5551	-348	
599	596	-5551	-378	
599	596	-5551	-380	
599	596	-5551	-317	
599	596	-5551	-349	
599	596	-5551	-345	
599	596	-5551	-327	
599	596	-5551	-297	
599	596	-5551	-356	
599	596	-5551	-357	
599	596	-5551	-345	
599	596	-5551	-351	
599	596	-5551	-321	
599	596	-5551	-322	
599	596	-5551	-347	
599	596	-5551	-317	
599	596	-5551	-299	
599	596	-5551	-324	
599	596	-5551	-387	
599	596	-5551	-328	
599	596	-5551	-328	
599	596	-5551	-322	
599	596	-5551	-365	
599	596	-5551	-335	
599	596	-5551	-332	
599	596	-5551	-336	
599	596	-5551	-375	
599	596	-5551	-304	
599	596	-5551	-309	
599	596	-5551	-327	
599	596	-5551	-315	
599	596	-5551	-338	
599	596	-5551	-332	
599	596	-5551	-326	
599	596	-5551	-408	
599	596	-5551	-319	
599	596	-5551	-275	
599	596	-5551	-349	
599	596	-5551	-319	
599	596	-5551	-379	
599	596	-5551	-304	
599	596	-5551	-305	
599	596	-5551	-339	
599	596	-5551	-305	
599	596	-5551	-342	
599	596	-5551	-377	
599	596	-5551	-341	
599	596	-5551	-344	
599	596	-5551	-292	
599	596	-5551	-295	
599	596	-5551	-394	
599	596	-5551	-335	
599	596	-5551	-339	
599	596	-5551	-328	
599	596	-5551	-371	
599	596	-5551	-304	
599	596	-5551	-332	
599	596	-5551	-395	
599	596	-5551	-358	
599	596	-5551	-305	
599	596	-5551	-322	
599	596	-5551	-327	
599	596	-5551	-348	
599	596	-5551	-378	
599	596	-5551	-339	
599	596	-5551	-299	
599	596	-5551	-373	
599	596	-5551	-333	
599	596	-5551	-280	
599	596	-5551	-341	
599	596	-5551	-339	
599	596	-5551	-331	
599	596	-5551	-355	
599	596	-5551	-319	
599	596	-5551	-351	
599	596	-5551	-355	
599	596	-5551	-258	
599	596	-5551	-329	
599	596	-5551	-386	
599	596	-5551	-327	
599	596	-5552	-308	
599	596	-5551	-311	
599	596	-5551	-316	
599	596	-5551	-321	
599	596	-5551	-316	
599	596	-5551	-369	
599	596	-5551	-355	
599	596	-5551	-353	
599	596	-5551	-284	
599	596	-5551	-322	
599	596	-5551	-375	
599	596	-5551	-305	
599	596	-5551	-352	
599	596	-5551	-327	
599	596	-5551	-341	
599	596	-5551	-331	
599	596	-5551	-377	
599	596	-5551	-283	
599	596	-5551	-381	
599	596	-5551	-338	
599	596	-5551	-320	
599	596	-5551	-341	
599	596	-5551	-363	
599	596	-5551	-321	
599	596	-5551	-405	
599	596	-5551	-329	
599	596	-5551	-277	
599	596	-5551	-295	
599	596	-5551	-331	
599	596	-5551	-332	
599	596	-5551	-398	
599	596	-5551	-355	
599	596	-5551	-336	
599	596	-5551	-407	
599	596	-5551	-321	
599	596	-5551	-311	
599	596	-5551	-367	
599	596	-5551	-397	
599	596	-5551	-373	
599	596	-5551	-302	
599	596	-5551	-357	
599	596	-5551	-386	
599	596	-5551	-356	
599	596	-5551	-287	
599	596	-5551	-312	
599	596	-5551	-283	
599	596	-5551	-370	
599	596	-5551	-351	
599	596	-5551	-349	
599	596	-5551	-308	
599	596	-5551	-319	
599	596	-5551	-253	
599	596	-5551	-326	
599	596	-5551	-347	
599	596	-5551	-300	
599	596	-5551	-366	
599	596	-5551	-386	
599	596	-5551	-408	
599	596	-5552	-399	
599	596	-5551	-306	
599	596	-5551	-297	
599	596	-5551	-305	
599	596	-5551	-346	
599	596	-5551	-329	
599	596	-5551	-364	
599	596	-5551	-319	
599	596	-5551	-322	
599	596	-5551	-350	
599	596	-5551	-329	
599	596	-5551	-392	
599	596	-5551	-316	
599	596	-5551	-387	
599	596	-5551	-379	
599	596	-5551	-328	
599	596	-5552	-313	
599	596	-5551	-366	
599	596	-5551	-352	
599	596	-5551	-377	
599	596	-5551	-364	
599	596	-5552	-423	
599	596	-5551	-327	
599	596	-5551	-366	
599	596	-5551	-339	
599	596	-5551	-299	
599	596	-5551	-386	
599	596	-5551	-382	
599	596	-5551	-304	
599	596	-5551	-349	
599	596	-5551	-324	
599	596	-5551	-373	
599	596	-5551	-353	
599	596	-5551	-266	
599	596	-5551	-329	
599	596	-5551	-358	
599	596	-5551	-322	
599	596	-5551	-280	
599	596	-5551	-312	
599	596	-5551	-315	
599	596	-5551	-358	
599	596	-5551	-355	
599	596	-5551	-342	
599	596	-5551	-312	
599	596	-5551	-394	
599	596	-5551	-378	
599	596	-5551	-275	
599	596	-5551	-404	
599	596	-5551	-347	
599	596	-5551	-319	
599	596	-5551	-353	
599	596	-5552	-335	
599	596	-5551	-320	
599	596	-5551	-343	
599	596	-5551	-312	
599	596	-5551	-408	
599	596	-5551	-385	
599	596	-5551	-304	
599	596	-5551	-342	
599	596	-5551	-318	
599	596	-5551	-336	
599	596	-5551	-305	
599	596	-5551	-321	
599	596	-5551	-365	
599	596	-5551	-369	
599	596	-5551	-309	
599	596	-5551	-322	
599	596	-5551	-402	
599	596	-5551	-354	
599	596	-5551	-342	
599	596	-5551	-322	
599	596	-5551	-342	
599	596	-5551	-358	
599	596	-5551	-324	
599	596	-5551	-244	
599	596	-5551	-339	
599	596	-5551	-355	
599	596	-5551	-336	
599	596	-5551	-313	
599	596	-5551	-373	
599	596	-5551	-335	
599	596	-5551	-351	
599	596	-5551	-315	
599	596	-5551	-329	
599	596	-5551	-357	
599	596	-5551	-370	
599	596	-5551	-347	
599	596	-5551	-369	
599	596	-5551	-347	
599	596	-5551	-272	
599	596	-5551	-377	
599	596	-5551	-385	
599	596	-5551	-318	
599	596	-5551	-278	
599	596	-5551	-364	
599	596	-5551	-373	
599	596	-5551	-335	
599	596	-5551	-377	
599	596	-5551	-376	
599	596	-5551	-328	
599	596	-5551	-368	
599	596	-5551	-380	
599	596	-5551	-327	
599	596	-5551	-408	
599	596	-5551	-378	
599	596	-5551	-292	
599	596	-5551	-331	
599	596	-5551	-311	
599	596	-5551	-312	
599	596	-5551	-304	
599	596	-5551	-326	
599	596	-5551	-315	
599	596	-5551	-299	
599	596	-5551	-300	
599	596	-5551	-370	
599	596	-5551	-368	
599	596	-5551	-373	
599	596	-5551	-303	
599	596	-5551	-385	
599	596	-5551	-346	
599	596	-5551	-311	
599	596	-5551	-424	
599	596	-5551	-401	
599	596	-5551	-394	
599	596	-5551	-347	
599	596	-5551	-358	
599	596	-5551	-408	
599	596	-5551	-339	
599	596	-5551	-371	
599	596	-5551	-328	
599	596	-5552	-316	
599	596	-5551	-312	
599	596	-5551	-336	
599	596	-5551	-321	
599	596	-5551	-392	
599	596	-5551	-306	
599	596	-5551	-347	
599	596	-5551	-315	
599	596	-5551	-365	
599	596	-5551	-327	
599	596	-5551	-273	
599	596	-5551	-313	
599	596	-5551	-321	
599	596	-5551	-415	
599	596	-5551	-393	
599	596	-5551	-359	
599	596	-5551	-307	
599	596	-5551	-328	
599	596	-5551	-338	
599	596	-5551	-305	
599	596	-5551	-391	
599	596	-5551	-393	
599	596	-5551	-282	
599	596	-5551	-330	
599	596	-5551	-335	
599	596	-5551	-306	
599	596	-5551	-322	
599	596	-5551	-312	
599	596	-5551	-380	
599	596	-5551	-363	
599	596	-5551	-346	
599	596	-5551	-328	
599	596	-5551	-326	
599	596	-5551	-399	
599	596	-5551	-331	
599	596	-5551	-387	
599	596	-5551	-355	
599	596	-5551	-314	
599	596	-5551	-285	
599	596	-5551	-367	
599	596	-5551	-388	
599	596	-5552	-310	
599	596	-5551	-324	
599	596	-5551	-363	
599	596	-5551	-353	
599	596	-5551	-330	
599	596	-5551	-305	
599	596	-5551	-300	
599	596	-5551	-316	
599	596	-5551	-321	
599	596	-5551	-347	
599	596	-5551	-276	
599	596	-5551	-340	
599	596	-5551	-358	
599	596	-5551	-340	
599	596	-5551	-376	
599	596	-5551	-400	
599	596	-5551	-358	
599	596	-5551	-320	
599	596	-5551	-395	
599	596	-5551	-295	
599	596	-5551	-373	
599	596	-5551	-335	
599	596	-5551	-354	
599	596	-5551	-305	
599	596	-5551	-331	
599	596	-5551	-311	
599	596	-5551	-380	
599	596	-5551	-324	
599	596	-5552	-303	
599	596	-5551	-399	
599	596	-5551	-349	
599	596	-5551	-312	
599	596	-5551	-336	
599	596	-5551	-319	
599	596	-5551	-313	
599	596	-5551	-385	
599	596	-5551	-343	
599	596	-5551	-401	
599	596	-5551	-335	
599	596	-5551	-335	
599	596	-5551	-402	
599	596	-5551	-305	
599	596	-5551	-364	
599	596	-5551	-347	
599	596	-5551	-327	
599	596	-5551	-300	
599	596	-5551	-345	
599	596	-5552	-311	
599	596	-5551	-300	
599	596	-5551	-384	
599	596	-5551	-305	
599	596	-5551	-341	
599	596	-5551	-379	
599	596	-5551	-256	
599	596	-5551	-366	
599	596	-5551	-338	
599	596	-5551	-340	
599	596	-5551	-347	
599	596	-5551	-322	
599	596	-5551	-391	
599	596	-5552	-324	
599	596	-5551	-326	
599	596	-5552	-324	
599	596	-5551	-388	
599	596	-5551	-312	
599	596	-5551	-386	
599	596	-5551	-384	
599	596	-5551	-320	
599	596	-5551	-297	
599	596	-5551	-366	
599	596	-5551	-378	
599	596	-5551	-349	
599	596	-5551	-364	
599	596	-5551	-346	
599	596	-5551	-352	
599	596	-5551	-314	
599	596	-5551	-319	
599	596	-5551	-347	
599	596	-5551	-424	
599	596	-5551	-382	
599	596	-5552	-333	
599	596	-5551	-311	
599	596	-5551	-305	
599	596	-5551	-353	
599	596	-5552	-332	
599	596	-5551	-365	
599	596	-5551	-352	
599	596	-5551	-385	
599	596	-5551	-336	
599	596	-5551	-312	
599	596	-5551	-320	
599	596	-5551	-327	
599	596	-5551	-302	
599	596	-5551	-311	
599	596	-5551	-370	
599	596	-5551	-341	
599	596	-5551	-324	
599	596	-5551	-347	
599	596	-5551	-330	
599	596	-5551	-362	
599	596	-5551	-336	
599	596	-5551	-358	
599	596	-5551	-320	
599	596	-5551	-357	
599	596	-5551	-363	
599	596	-5551	-342	
599	596	-5551	-376	
599	596	-5551	-364	
599	596	-5551	-333	
599	596	-5551	-312	
599	596	-5551	-299	
599	596	-5551	-338	
599	596	-5551	-361	
599	596	-5551	-335	
599	596	-5551	-326	
599	596	-5551	-373	
599	596	-5552	-324	
599	596	-5551	-306	
599	596	-5551	-301	
599	596	-5551	-341	
599	596	-5551	-371	
599	596	-5551	-244	
599	596	-5551	-343	
599	596	-5551	-341	
599	596	-5551	-341	
599	596	-5551	-405	
599	596	-5551	-293	
599	596	-5551	-346	
599	596	-5551	-371	
599	596	-5551	-314	
599	596	-5551	-292	
599	596	-5551	-314	
599	596	-5551	-406	
599	596	-5551	-329	
599	596	-5551	-313	
599	596	-5551	-352	
599	596	-5551	-371	
599	596	-5551	-318	
599	596	-5551	-302	
599	596	-5551	-313	
599	596	-5551	-316	
599	596	-5551	-330	
599	596	-5551	-342	
599	596	-5551	-322	
599	596	-5551	-363	
599	596	-5551	-344	
599	596	-5551	-429	
599	596	-5551	-292	
599	596	-5551	-321	
599	596	-5551	-363	
599	596	-5551	-340	
599	596	-5551	-339	
599	596	-5551	-337	
599	596	-5551	-385	
599	596	-5551	-324	
599	596	-5551	-392	
599	596	-5551	-296	
599	596	-5551	-299	
599	596	-5551	-303	
599	596	-5551	-335	
599	596	-5551	-328	
599	596	-5551	-314	
599	596	-5551	-365	
599	596	-5551	-384	
599	596	-5551	-317	
599	596	-5551	-224	
599	596	-5551	-370	
599	596	-5551	-288	
599	596	-5551	-312	
599	596	-5551	-320	
599	596	-5551	-336	
599	596	-5551	-339	
599	596	-5551	-394	
599	596	-5551	-322	
599	596	-5551	-324	
599	596	-5551	-339	
599	596	-5551	-326	
599	596	-5551	-378	
599	596	-5551	-402	
599	596	-5551	-341	
599	596	-5551	-360	
599	596	-5551	-316	
599	596	-5551	-355	
599	596	-5551	-318	
599	596	-5551	-342	
599	596	-5551	-329	
599	596	-5551	-341	
599	596	-5551	-332	
599	596	-5551	-327	
599	596	-5551	-401	
599	596	-5551	-346	
599	596	-5551	-340	
599	596	-5551	-318	
599	596	-5551	-364	
599	596	-5551	-368	
599	596	-5551	-343	
599	596	-5552	-358	
599	596	-5551	-259	
599	596	-5551	-443	
599	596	-5551	-406	
599	596	-5551	-355	
599	596	-5551	-312	
599	596	-5551	-347	
599	596	-5551	-370	
599	596	-5551	-364	
599	596	-5551	-331	
599	596	-5551	-336	
599	596	-5551	-384	
599	596	-5551	-326	
599	596	-5551	-335	
599	596	-5551	-310	
599	596	-5551	-370	
599	596	-5551	-362	
599	596	-5551	-398	
599	596	-5551	-344	
599	596	-5551	-305	
599	596	-5551	-329	
599	596	-5551	-354	
599	596	-5551	-339	
599	596	-5551	-346	
599	596	-5551	-362	
599	596	-5551	-366	
599	596	-5551	-313	
599	596	-5551	-327	
599	596	-5551	-310	
599	596	-5551	-307	
599	596	-5551	-291	
599	596	-5551	-327	
599	596	-5551	-340	
599	596	-5551	-332	
599	596	-5551	-349	
599	596	-5551	-330	
599	596	-5551	-266	
599	596	-5551	-294	
599	596	-5551	-311	
599	596	-5551	-320	
599	596	-5551	-327	
599	596	-5551	-329	
599	596	-5551	-313	
599	596	-5551	-380	
599	596	-5551	-299	
599	596	-5551	-321	
599	596	-5551	-333	
599	596	-5551	-320	
599	596	-5551	-319	
599	596	-5551	-363	
599	596	-5551	-358	
599	596	-5551	-384	
599	596	-5551	-347	
599	596	-5551	-327	
599	596	-5551	-322	
599	596	-5551	-304	
599	596	-5551	-332	
599	596	-5551	-346	
599	596	-5552	-302	
599	596	-5551	-311	
599	596	-5551	-327	
599	596	-5551	-359	
599	596	-5551	-377	
599	596	-5551	-326	
599	596	-5551	-354	
599	596	-5551	-367	
599	596	-5551	-342	
599	596	-5551	-328	
599	596	-5551	-316	
599	596	-5551	-318	
599	596	-5551	-335	
599	596	-5551	-329	
599	596	-5551	-324	
599	596	-5551	-335	
599	596	-5551	-371	
599	596	-5551	-321	
599	596	-5551	-341	
599	596	-5551	-394	
599	596	-5551	-306	
599	596	-5551	-319	
599	596	-5551	-297	
599	596	-5551	-373	
599	596	-5551	-375	
599	596	-5551	-295	
599	596	-5551	-347	
599	596	-5551	-318	
599	596	-5551	-375	
599	596	-5551	-305	
599	596	-5551	-300	
599	596	-5551	-375	
599	596	-5551	-301	
599	596	-5551	-363	
599	596	-5551	-378	
599	596	-5551	-355	
599	596	-5552	-377	
599	596	-5551	-320	
599	596	-5551	-305	
599	596	-5551	-422	
599	596	-5551	-375	
599	596	-5551	-336	
599	596	-5551	-394	
599	596	-5551	-296	
599	596	-5551	-373	
599	596	-5551	-330	
599	596	-5551	-335	
599	596	-5551	-436	
599	596	-5551	-326	
599	596	-5551	-401	
599	596	-5551	-364	
599	596	-5551	-336	
599	596	-5551	-347	
599	596	-5551	-306	
599	596	-5551	-304	
599	596	-5551	-378	
599	596	-5551	-329	
599	596	-5551	-341	
599	596	-5551	-405	
599	596	-5551	-327	
599	596	-5551	-272	
599	596	-5551	-327	
599	596	-5551	-338	
599	596	-5551	-358	
599	596	-5551	-399	
599	596	-5551	-355	
599	596	-5551	-311	
599	596	-5551	-326	
599	596	-5551	-326	
599	596	-5551	-344	
599	596	-5551	-320	
599	596	-5551	-342	
599	596	-5551	-316	
599	596	-5551	-360	
599	596	-5551	-277	
599	596	-5551	-393	
599	596	-5551	-370	
599	596	-5551	-312	
599	596	-5551	-370	
599	596	-5551	-391	
599	596	-5551	-350	
599	596	-5551	-336	
599	596	-5551	-301	
599	596	-5551	-314	
599	596	-5551	-335	
599	596	-5551	-341	
599	596	-5551	-350	
599	596	-5551	-394	
599	596	-5551	-370	
599	596	-5551	-365	
599	596	-5551	-358	
599	596	-5551	-348	
599	596	-5551	-324	
599	596	-5551	-302	
599	596	-5551	-333	
599	596	-5551	-281	
599	596	-5551	-365	
599	596	-5551	-328	
599	596	-5551	-368	
599	596	-5551	-333	
599	596	-5551	-312	
599	596	-5551	-346	
599	596	-5551	-385	
599	596	-5551	-335	
599	596	-5551	-335	
599	596	-5551	-407	
599	596	-5551	-402	
599	596	-5551	-311	
599	596	-5551	-365	
599	596	-5551	-316	
599	596	-5551	-392	
599	596	-5551	-380	
599	596	-5551	-347	
599	596	-5551	-400	
599	596	-5551	-342	
599	596	-5551	-382	
599	596	-5551	-329	
599	596	-5551	-394	
599	596	-5551	-365	
599	596	-5551	-308	
599	596	-5551	-378	
599	596	-5551	-348	
599	596	-5551	-358	
599	596	-5551	-376	
599	596	-5551	-341	
599	596	-5551	-307	
599	596	-5551	-319	
599	596	-5551	-410	
599	596	-5551	-263	
599	596	-5551	-340	
599	596	-5551	-329	
599	596	-5551	-320	
599	596	-5551	-327	
599	596	-5551	-350	
599	596	-5551	-373	
599	596	-5551	-305	
599	596	-5551	-347	
599	596	-5551	-358	
599	596	-5551	-357	
599	596	-5551	-323	
599	596	-5551	-324	
599	596	-5551	-360	
599	596	-5551	-377	
599	596	-5551	-305	
599	596	-5551	-370	
599	596	-5551	-320	
599	596	-5551	-304	
599	596	-5551	-394	
599	596	-5551	-315	
599	596	-5551	-321	
599	596	-5551	-306	
599	596	-5551	-299	
599	596	-5551	-313	
599	596	-5551	-398	
599	596	-5551	-304	
599	596	-5551	-266	
599	596	-5551	-351	
599	596	-5551	-386	
599	596	-5551	-363	
599	596	-5551	-356	
599	596	-5551	-330	
599	596	-5551	-373	
599	596	-5551	-308	
599	596	-5551	-303	
599	596	-5552	-387	
599	596	-5551	-319	
599	596	-5551	-310	
599	596	-5551	-328	
599	596	-5551	-341	
599	596	-5551	-332	
599	596	-5552	-391	
599	596	-5551	-377	
599	596	-5551	-305	
599	596	-5551	-364	
599	596	-5551	-366	
599	596	-5551	-314	
599	596	-5551	-297	
599	596	-5551	-322	
599	596	-5551	-292	
599	596	-5551	-401	
599	596	-5551	-390	
599	596	-5551	-410	
599	596	-5551	-353	
599	596	-5551	-348	
599	596	-5551	-322	
599	596	-5551	-332	
599	596	-5551	-331	
599	596	-5551	-346	
599	596	-5551	-377	
599	596	-5551	-369	
599	596	-5551	-341	
599	596	-5551	-350	
599	596	-5552	-355	
599	596	-5551	-312	
599	596	-5551	-290	
599	596	-5551	-321	
599	596	-5551	-357	
599	596	-5551	-366	
599	596	-5551	-238	
599	596	-5551	-364	
599	596	-5551	-321	
599	596	-5551	-321	
599	596	-5551	-324	
599	596	-5551	-386	
599	596	-5551	-319	
599	596	-5551	-370	
599	596	-5551	-335	
599	596	-5551	-290	
599	596	-5551	-318	
599	596	-5551	-359	
599	596	-5551	-344	
599	596	-5551	-292	
599	596	-5551	-297	
599	596	-5551	-310	
599	596	-5551	-332	
599	596	-5551	-313	
599	596	-5551	-364	
599	596	-5551	-394	
599	596	-5551	-350	
599	596	-5551	-311	
599	596	-5551	-339	
599	596	-5551	-301	
599	596	-5551	-373	
599	596	-5551	-320	
599	596	-5551	-324	
599	596	-5551	-297	
599	596	-5551	-385	
599	596	-5551	-312	
599	596	-5551	-375	
599	596	-5551	-328	
599	596	-5551	-359	
599	596	-5551	-333	
599	596	-5551	-301	
599	596	-5551	-363	
599	596	-5551	-392	
599	596	-5551	-312	
599	596	-5551	-369	
599	596	-5551	-326	
599	596	-5551	-347	
599	596	-5551	-373	
599	596	-5551	-296	
599	596	-5551	-367	
599	596	-5551	-320	
599	596	-5551	-378	
599	596	-5551	-344	
599	596	-5551	-307	
599	596	-5551	-328	
599	596	-5551	-393	
599	596	-5551	-370	
599	596	-5551	-369	
599	596	-5551	-350	
599	596	-5551	-371	
599	596	-5551	-366	
599	596	-5551	-333	
599	596	-5551	-351	
599	596	-5551	-305	
599	596	-5551	-394	
599	596	-5551	-384	
599	596	-5551	-346	
599	596	-5551	-350	
599	596	-5551	-317	
599	596	-5551	-379	
599	596	-5551	-344	
599	596	-5551	-289	
599	596	-5551	-369	
599	596	-5551	-351	
599	596	-5552	-293	
599	596	-5551	-303	
599	596	-5551	-343	
599	596	-5551	-350	
599	596	-5551	-336	
599	596	-5551	-327	
599	596	-5551	-388	
599	596	-5551	-269	
599	596	-5551	-329	
599	596	-5551	-326	
599	596	-5551	-321	
599	596	-5551	-361	
599	596	-5551	-302	
599	596	-5551	-328	
599	596	-5551	-327	
599	596	-5551	-373	
599	596	-5551	-349	
599	596	-5551	-308	
599	596	-5551	-355	
599	596	-5551	-337	
599	596	-5551	-367	
599	596	-5551	-320	
599	596	-5551	-320	
599	596	-5551	-277	
599	596	-5551	-350	
599	596	-5551	-354	
599	596	-5551	-297	
599	596	-5551	-349	
599	596	-5551	-379	
599	596	-5551	-362	
599	596	-5551	-343	
599	596	-5551	-314	
599	596	-5551	-340	
599	596	-5551	-324	
599	596	-5551	-289	
599	596	-5551	-405	
599	596	-5551	-377	
599	596	-5551	-328	
599	596	-5551	-400	
599	596	-5551	-333	
599	596	-5551	-331	
599	596	-5551	-350	
599	596	-5551	-348	
599	596	-5551	-339	
599	596	-5551	-324	
599	596	-5551	-366	
599	596	-5551	-324	
599	596	-5551	-327	
599	596	-5551	-363	
599	596	-5551	-333	
599	596	-5551	-402	
599	596	-5551	-391	
599	596	-5551	-362	
599	596	-5551	-342	
599	596	-5551	-311	
599	596	-5551	-370	
599	596	-5551	-393	
599	596	-5551	-331	
599	596	-5551	-370	
599	596	-5551	-347	
599	596	-5551	-368	
599	596	-5551	-320	
599	596	-5551	-350	
599	596	-5551	-313	
599	596	-5551	-324	
599	596	-5551	-359	
599	596	-5551	-341	
599	596	-5551	-351	
599	596	-5551	-385	
599	596	-5551	-274	
599	596	-5551	-324	
599	596	-5551	-392	
599	596	-5551	-331	
599	596	-5551	-387	
599	596	-5551	-393	
599	596	-5551	-328	
599	596	-5551	-366	
599	596	-5551	-307	
599	596	-5551	-376	
599	596	-5551	-343	
599	596	-5551	-301	
599	596	-5551	-329	
599	596	-5551	-347	
599	596	-5551	-305	
599	596	-5551	-330	
599	596	-5551	-375	
599	596	-5551	-371	
599	596	-5551	-311	
599	596	-5551	-258	
599	596	-5551	-290	
599	596	-5551	-322	
599	596	-5551	-415	
599	596	-5551	-305	
599	596	-5551	-312	
599	596	-5551	-359	
599	596	-5551	-355	
599	596	-5551	-327	
599	596	-5551	-348	
599	596	-5551	-368	
599	596	-5551	-336	
599	596	-5552	-265	
599	596	-5551	-359	
599	596	-5551	-401	
599	596	-5551	-350	
599	596	-5551	-265	
599	596	-5551	-292	
599	596	-5551	-304	
599	596	-5551	-373	
599	596	-5551	-303	
599	596	-5551	-355	
599	596	-5551	-306	
599	596	-5551	-274	
599	596	-5551	-316	
599	596	-5551	-342	
599	596	-5551	-297	
599	596	-5551	-396	
599	596	-5551	-351	
599	596	-5551	-281	
599	596	-5551	-326	
599	596	-5551	-330	
599	596	-5552	-330	
599	596	-5551	-306	
599	596	-5551	-336	
599	596	-5551	-370	
599	596	-5551	-354	
599	596	-5551	-340	
599	596	-5551	-335	
599	596	-5551	-356	
599	596	-5551	-327	
599	596	-5551	-282	
599	596	-5551	-394	
599	596	-5551	-300	
599	596	-5551	-336	
599	596	-5551	-292	
599	596	-5551	-340	
599	596	-5551	-276	
599	596	-5551	-367	
599	596	-5551	-347	
599	596	-5551	-321	
599	596	-5551	-347	
599	596	-5551	-319	
599	596	-5551	-312	
599	596	-5551	-347	
599	596	-5551	-344	
599	596	-5551	-363	
599	596	-5551	-335	
599	596	-5551	-299	
599	596	-5551	-292	
599	596	-5551	-344	
599	596	-5551	-336	
599	596	-5551	-322	
599	596	-5551	-359	
599	596	-5551	-327	
599	596	-5551	-385	
599	596	-5551	-308	
599	596	-5551	-378	
599	596	-5551	-290	
599	596	-5551	-377	
599	596	-5551	-389	
599	596	-5551	-360	
599	596	-5551	-305	
599	596	-5551	-285	
599	596	-5551	-305	
599	596	-5551	-346	
599	596	-5551	-304	
599	596	-5551	-346	
599	596	-5551	-356	
599	596	-5551	-384	
599	596	-5551	-369	
599	596	-5551	-359	
599	596	-5551	-335	
599	596	-5551	-321	
599	596	-5551	-314	
599	596	-5551	-351	
599	596	-5551	-297	
599	596	-5551	-371	
599	596	-5551	-358	
599	596	-5551	-357	
599	596	-5551	-314	
599	596	-5551	-318	
599	596	-5551	-327	
599	596	-5551	-301	
599	596	-5551	-327	
599	596	-5551	-414	
599	596	-5551	-386	
599	596	-5551	-374	
599	596	-5551	-336	
599	596	-5551	-347	
599	596	-5551	-335	
599	596	-5551	-359	
599	596	-5551	-380	
599	596	-5551	-339	
599	596	-5551	-385	
599	596	-5551	-358	
599	596	-5551	-394	
599	596	-5551	-335	
599	596	-5552	-347	
599	596	-5551	-348	
599	596	-5551	-359	
599	596	-5552	-312	
599	596	-5551	-324	
599	596	-5551	-391	
599	596	-5551	-391	
599	596	-5551	-351	
599	596	-5551	-352	
599	596	-5551	-339	
599	596	-5551	-324	
599	596	-5551	-297	
599	596	-5551	-328	
599	596	-5551	-335	
599	596	-5551	-339	
599	596	-5551	-291	
599	596	-5551	-350	
599	596	-5551	-370	
599	596	-5551	-333	
599	596	-5551	-354	
599	596	-5551	-301	
599	596	-5551	-312	
599	596	-5551	-381	
599	596	-5551	-333	
599	596	-5551	-313	
599	596	-5551	-286	
599	596	-5551	-280	
599	596	-5551	-343	
599	596	-5551	-322	
599	596	-5551	-369	
599	596	-5551	-370	
599	596	-5551	-316	
599	596	-5551	-320	
599	596	-5551	-328	
599	596	-5551	-341	
599	596	-5552	-392	
599	596	-5551	-357	
599	596	-5551	-347	
599	596	-5551	-401	
599	596	-5551	-385	
599	596	-5551	-340	
599	596	-5551	-299	
599	596	-5551	-320	
599	596	-5551	-355	
599	596	-5551	-347	
599	596	-5551	-336	
599	596	-5551	-373	
599	596	-5551	-313	
599	596	-5551	-386	
599	596	-5551	-333	
599	596	-5551	-297	
599	596	-5551	-299	
599	596	-5551	-363	
599	596	-5551	-382	
599	596	-5551	-310	
599	596	-5551	-344	
599	596	-5551	-324	
599	596	-5551	-393	
599	596	-5551	-321	
599	596	-5551	-344	
599	596	-5551	-367	
599	596	-5551	-312	
599	596	-5551	-326	
599	596	-5551	-319	
599	596	-5551	-373	
599	596	-5551	-302	
599	596	-5551	-303	
599	596	-5551	-311	
599	596	-5551	-362	
599	596	-5551	-405	
599	596	-5551	-350	
599	596	-5551	-369	
599	596	-5551	-326	
599	596	-5551	-388	
599	596	-5551	-306	
599	596	-5551	-375	
599	596	-5551	-333	
599	596	-5551	-326	
599	596	-5551	-373	
599	596	-5551	-346	
599	596	-5551	-324	
599	596	-5551	-371	
599	596	-5551	-368	
599	596	-5551	-319	
599	596	-5551	-368	
599	596	-5551	-314	
599	596	-5551	-350	
599	596	-5551	-338	
599	596	-5551	-315	
599	596	-5551	-290	
599	596	-5551	-316	
599	596	-5551	-328	
599	596	-5551	-341	
599	596	-5551	-349	
599	596	-5551	-400	
599	596	-5551	-320	
599	596	-5551	-312	
599	596	-5551	-368	
599	596	-5551	-341	
599	596	-5551	-319	
599	596	-5551	-328	
599	596	-5551	-386	
599	596	-5551	-415	
599	596	-5551	-340	
599	596	-5551	-360	
599	596	-5551	-396	
599	596	-5551	-354	
599	596	-5551	-316	
599	596	-5551	-313	
599	596	-5551	-365	
599	596	-5551	-373	
599	596	-5551	-358	
599	596	-5551	-297	
599	596	-5551	-350	
599	596	-5551	-341	
599	596	-5551	-336	
599	596	-5551	-342	
599	596	-5551	-403	
599	596	-5551	-305	
599	596	-5551	-385	
599	596	-5551	-319	
599	596	-5551	-293	
599	596	-5551	-319	
599	596	-5551	-366	
599	596	-5551	-324	
599	596	-5551	-319	
599	596	-5551	-333	
599	596	-5551	-304	
599	596	-5551	-340	
599	596	-5551	-295	
599	596	-5551	-339	
599	596	-5551	-329	
599	596	-5551	-327	
599	596	-5551	-318	
599	596	-5551	-347	
599	596	-5551	-356	
599	596	-5551	-319	
599	596	-5551	-355	
599	596	-5551	-319	
599	596	-5551	-321	
599	596	-5551	-333	
599	596	-5551	-354	
599	596	-5551	-353	
599	596	-5551	-346	
599	596	-5551	-355	
599	596	-5551	-333	
599	596	-5551	-360	
599	596	-5551	-324	
599	596	-5551	-366	
599	596	-5551	-371	
599	596	-5551	-362	
599	596	-5551	-276	
599	596	-5551	-324	
599	596	-5551	-288	
599	596	-5551	-353	
599	596	-5551	-305	
599	596	-5551	-379	
599	596	-5551	-296	
599	596	-5551	-330	
599	596	-5551	-320	
599	596	-5551	-378	
599	596	-5551	-377	
599	596	-5551	-285	
599	596	-5551	-354	
599	596	-5551	-343	
599	596	-5551	-299	
599	596	-5551	-378	
599	596	-5551	-365	
599	596	-5551	-335	
599	596	-5551	-307	
599	596	-5551	-331	
599	596	-5551	-304	
599	596	-5551	-337	
599	596	-5551	-344	
599	596	-5551	-378	
599	596	-5551	-333	
599	596	-5551	-384	
599	596	-5551	-319	
599	596	-5551	-360	
599	596	-5551	-338	
599	596	-5551	-332	
599	596	-5551	-400	
599	596	-5551	-373	
599	596	-5551	-314	
599	596	-5551	-321	
599	596	-5551	-346	
599	596	-5551	-319	
599	596	-5551	-297	
599	596	-5551	-348	
599	596	-5551	-394	
599	596	-5551	-315	
599	596	-5551	-331	
599	596	-5551	-319	
599	596	-5551	-341	
599	596	-5551	-312	
599	596	-5551	-307	
599	596	-5551	-311	
599	596	-5551	-322	
599	596	-5551	-313	
599	596	-5551	-314	
599	596	-5551	-332	
599	596	-5551	-336	
599	596	-5551	-331	
599	596	-5551	-327	
599	596	-5551	-345	
599	596	-5551	-316	
599	596	-5551	-327	
599	596	-5551	-311	
599	596	-5551	-377	
599	596	-5551	-379	
599	596	-5551	-330	
599	596	-5551	-319	
599	596	-5551	-366	
599	596	-5551	-302	
599	596	-5551	-326	
599	596	-5551	-345	
599	596	-5551	-346	
599	596	-5551	-335	
599	596	-5551	-324	
599	596	-5551	-314	
599	596	-5551	-359	
599	596	-5551	-362	
599	596	-5551	-284	
599	596	-5551	-321	
599	596	-5551	-346	
599	596	-5551	-339	
599	596	-5551	-363	
599	596	-5551	-373	
599	596	-5551	-379	
599	596	-5551	-384	
599	596	-5551	-359	
599	596	-5551	-311	
599	596	-5551	-351	
599	596	-5551	-332	
599	596	-5552	-330	
599	596	-5551	-384	
599	596	-5551	-296	
599	596	-5551	-339	
599	596	-5551	-290	
599	596	-5551	-415	
599	596	-5551	-320	
599	596	-5551	-346	
599	596	-5551	-341	
599	596	-5551	-290	
599	596	-5551	-354	
599	596	-5551	-367	
599	596	-5551	-373	
599	596	-5551	-320	
599	596	-5551	-339	
599	596	-5551	-359	
599	596	-5551	-311	
599	596	-5551	-378	
599	596	-5551	-355	
599	596	-5551	-338	
599	596	-5551	-327	
599	596	-5551	-344	
599	596	-5551	-320	
599	596	-5551	-415	
599	596	-5551	-295	
599	596	-5551	-304	
599	596	-5551	-351	
599	596	-5551	-299	
599	596	-5551	-357	
599	596	-5551	-259	
599	596	-5551	-316	
599	596	-5551	-339	
599	596	-5551	-332	
599	596	-5551	-297	
599	596	-5551	-366	
599	596	-5551	-294	
599	596	-5551	-344	
599	596	-5551	-327	
599	596	-5551	-318	
599	596	-5551	-385	
599	596	-5551	-304	
599	596	-5551	-379	
599	596	-5551	-329	
599	596	-5551	-370	
599	596	-5551	-375	
599	596	-5551	-336	
599	596	-5551	-299	
599	596	-5551	-347	
599	596	-5551	-350	
599	596	-5551	-365	
599	596	-5551	-362	
599	596	-5551	-301	
599	596	-5551	-313	
599	596	-5551	-312	
599	596	-5551	-344	
599	596	-5551	-354	
599	596	-5551	-341	
599	596	-5551	-426	
599	596	-5551	-316	
599	596	-5551	-362	
599	596	-5551	-333	
599	596	-5551	-329	
599	596	-5551	-359	
599	596	-5551	-354	
599	596	-5551	-367	
599	596	-5551	-364	
599	596	-5551	-363	
599	596	-5551	-304	
599	596	-5551	-350	
599	596	-5551	-320	
599	596	-5551	-334	
599	596	-5551	-361	
599	596	-5551	-297	
599	596	-5551	-307	
599	596	-5551	-335	
599	596	-5551	-376	
599	596	-5551	-378	
599	596	-5551	-328	
599	596	-5551	-336	
599	596	-5551	-362	
599	596	-5551	-303	
599	596	-5551	-370	
599	596	-5551	-328	
599	596	-5551	-355	
599	596	-5551	-332	
599	596	-5551	-328	
599	596	-5551	-366	
599	596	-5551	-339	
599	596	-5551	-310	
599	596	-5551	-320	
599	596	-5551	-297	
599	596	-5551	-331	
599	596	-5551	-252	
599	596	-5551	-351	
599	596	-5551	-342	
599	596	-5551	-356	
599	596	-5551	-369	
599	596	-5551	-340	
599	596	-5551	-381	
599	596	-5551	-314	
599	596	-5551	-306	
599	596	-5551	-391	
599	596	-5551	-295	
599	596	-5551	-362	
599	596	-5551	-307	
599	596	-5551	-327	
599	596	-5551	-320	
599	596	-5551	-389	
599	596	-5551	-375	
599	596	-5551	-306	
599	596	-5551	-415	
599	596	-5551	-350	
599	596	-5551	-377	
599	596	-5551	-319	
599	596	-5551	-312	
599	596	-5551	-338	
599	596	-5551	-304	
599	596	-5551	-326	
599	596	-5551	-299	
599	596	-5551	-347	
599	596	-5551	-301	
599	596	-5551	-304	
599	596	-5551	-319	
599	596	-5551	-333	
599	596	-5551	-303	
599	596	-5551	-408	
599	596	-5551	-363	
599	596	-5551	-295	
599	596	-5551	-332	
599	596	-5551	-347	
599	596	-5551	-364	
599	596	-5551	-385	
599	596	-5551	-379	
599	596	-5551	-422	
599	596	-5551	-364	
599	596	-5551	-327	
599	596	-5551	-328	
599	596	-5551	-317	
599	596	-5551	-316	
599	596	-5551	-339	
599	596	-5551	-377	
599	596	-5551	-384	
599	596	-5551	-335	
599	596	-5551	-346	
599	596	-5551	-314	
599	596	-5551	-366	
599	596	-5551	-335	
599	596	-5551	-345	
599	596	-5551	-329	
599	596	-5551	-335	
599	596	-5551	-347	
599	596	-5551	-310	
599	596	-5551	-371	
599	596	-5551	-292	
599	596	-5551	-391	
599	596	-5551	-368	
599	596	-5551	-346	
599	596	-5551	-377	
599	596	-5551	-347	
599	596	-5551	-356	
599	596	-5551	-351	
599	596	-5551	-290	
599	596	-5551	-378	
599	596	-5551	-350	
599	596	-5551	-319	
599	596	-5551	-312	
599	596	-5551	-378	
599	596	-5551	-328	
599	596	-5551	-336	
599	596	-5551	-315	
599	596	-5551	-422	
599	596	-5551	-380	
599	596	-5551	-300	
599	596	-5551	-319	
599	596	-5551	-351	
599	596	-5551	-319	
599	596	-5551	-341	
599	596	-5551	-384	
599	596	-5551	-346	
599	596	-5551	-309	
599	596	-5551	-326	
599	596	-5551	-400	
599	596	-5551	-380	
599	596	-5551	-330	
599	596	-5551	-378	
599	596	-5551	-335	
599	596	-5551	-348	
599	596	-5551	-331	
599	596	-5551	-343	
599	596	-5551	-318	
599	596	-5551	-292	
599	596	-5551	-326	
599	596	-5551	-385	
599	596	-5551	-415	
599	596	-5551	-335	
599	596	-5551	-341	
599	596	-5551	-384	
599	596	-5551	-353	
599	596	-5551	-347	
599	596	-5551	-370	
599	596	-5551	-371	
599	596	-5551	-348	
599	596	-5551	-321	
599	596	-5551	-358	
599	596	-5551	-259	
599	596	-5551	-351	
599	596	-5551	-350	
599	596	-5551	-362	
599	596	-5551	-319	
599	596	-5551	-306	
599	596	-5551	-370	
599	596	-5551	-391	
599	596	-5551	-317	
599	596	-5551	-378	
599	596	-5551	-330	
599	596	-5551	-386	
599	596	-5551	-399	
599	596	-5551	-320	
599	596	-5551	-203	
599	596	-5551	-400	
599	596	-5551	-331	
599	596	-5551	-313	
599	596	-5551	-342	
599	596	-5551	-326	
599	596	-5551	-351	
599	596	-5551	-355	
599	596	-5551	-303	
599	596	-5551	-280	
599	596	-5551	-377	
599	596	-5551	-366	
599	596	-5551	-312	
599	596	-5551	-353	
599	596	-5551	-333	
599	596	-5551	-288	
599	596	-5551	-342	
599	596	-5551	-303	
599	596	-5551	-315	
599	596	-5551	-370	
599	596	-5551	-324	
599	596	-5551	-371	
599	596	-5551	-339	
599	596	-5551	-341	
599	596	-5551	-311	
599	596	-5551	-335	
599	596	-5551	-364	
599	596	-5551	-329	
599	596	-5551	-371	
599	596	-5551	-355	
599	596	-5551	-356	
599	596	-5551	-339	
599	596	-5551	-310	
599	596	-5551	-313	
599	596	-5551	-332	
599	596	-5551	-347	
599	596	-5551	-337	
599	596	-5551	-353	
599	596	-5551	-344	
599	596	-5551	-321	
599	596	-5551	-313	
599	596	-5551	-332	
599	596	-5551	-359	
599	596	-5551	-346	
599	596	-5551	-306	
599	596	-5551	-289	
599	596	-5551	-328	
599	596	-5551	-364	
599	596	-5551	-343	
599	596	-5551	-299	
599	596	-5551	-336	
599	596	-5551	-422	
599	596	-5551	-277	
599	596	-5551	-378	
599	596	-5551	-328	
599	596	-5551	-258	
599	596	-5551	-351	
599	596	-5551	-360	
599	596	-5551	-339	
599	596	-5551	-305	
599	596	-5551	-328	
599	596	-5551	-313	
599	596	-5551	-316	
599	596	-5551	-304	
599	596	-5551	-348	
599	596	-5551	-338	
599	596	-5551	-336	
599	596	-5551	-312	
599	596	-5551	-304	
599	596	-5551	-351	
599	596	-5551	-312	
599	596	-5551	-366	
599	596	-5551	-328	
599	596	-5551	-323	
599	596	-5551	-350	
599	596	-5551	-321	
599	596	-5551	-301	
599	596	-5551	-319	
599	596	-5551	-356	
599	596	-5551	-312	
599	596	-5551	-348	
599	596	-5551	-327	
599	596	-5551	-328	
599	596	-5551	-357	
599	596	-5551	-362	
599	596	-5551	-321	
599	596	-5551	-313	
599	596	-5551	-407	
599	596	-5551	-358	
599	596	-5551	-328	
599	596	-5551	-374	
599	596	-5551	-328	
599	596	-5551	-336	
599	596	-5551	-390	
599	596	-5551	-305	
599	596	-5551	-370	
599	596	-5551	-384	
599	596	-5551	-318	
599	596	-5551	-367	
599	596	-5551	-298	
599	596	-5551	-378	
599	596	-5551	-328	
599	596	-5551	-341	
599	596	-5551	-303	
599	596	-5551	-385	
599	596	-5551	-243	
599	596	-5551	-320	
599	596	-5551	-324	
599	596	-5551	-324	
599	596	-5551	-319	
599	596	-5551	-377	
599	596	-5551	-331	
599	596	-5551	-355	
599	596	-5551	-303	
599	596	-5551	-350	
599	596	-5551	-353	
599	596	-5551	-351	
599	596	-5551	-317	
599	596	-5551	-338	
599	596	-5551	-371	
599	596	-5551	-312	
599	596	-5551	-327	
599	596	-5551	-355	
599	596	-5551	-267	
599	596	-5551	-377	
599	596	-5551	-313	
599	596	-5551	-317	
599	596	-5551	-292	
599	596	-5551	-312	
599	596	-5551	-358	
599	596	-5551	-321	
599	596	-5551	-333	
599	596	-5551	-290	
599	596	-5551	-379	
599	596	-5551	-319	
599	596	-5551	-304	
599	596	-5551	-329	
599	596	-5551	-378	
599	596	-5551	-354	
599	596	-5551	-360	
599	596	-5551	-366	
599	596	-5551	-418	
599	596	-5551	-386	
599	596	-5551	-365	
599	596	-5551	-359	
599	596	-5551	-315	
599	596	-5551	-347	
599	596	-5551	-321	
599	596	-5551	-377	
599	596	-5551	-381	
599	596	-5551	-347	
599	596	-5551	-299	
599	596	-5551	-338	
599	596	-5551	-345	
599	596	-5551	-319	
599	596	-5551	-344	
599	596	-5551	-405	
599	596	-5551	-347	
599	596	-5551	-370	
599	596	-5551	-339	
599	596	-5551	-358	
599	596	-5551	-392	
599	596	-5551	-353	
599	596	-5551	-374	
599	596	-5551	-329	
599	596	-5551	-350	
599	596	-5551	-306	
599	596	-5551	-366	
599	596	-5551	-365	
599	596	-5551	-347	
599	596	-5551	-324	
599	596	-5551	-312	
599	596	-5551	-289	
599	596	-5551	-311	
599	596	-5551	-340	
599	596	-5551	-328	
599	596	-5551	-398	
599	596	-5551	-311	
599	596	-5551	-305	
599	596	-5551	-365	
599	596	-5551	-355	
599	596	-5551	-292	
599	596	-5551	-347	
599	596	-5551	-370	
599	596	-5551	-283	
599	596	-5551	-296	
599	596	-5551	-339	
599	596	-5551	-337	
599	596	-5551	-305	
599	596	-5551	-344	
599	596	-5551	-353	
599	596	-5551	-326	
599	596	-5551	-338	
599	596	-5551	-297	
599	596	-5551	-319	
599	596	-5551	-373	
599	596	-5551	-320	
599	596	-5551	-328	
599	596	-5551	-319	
599	596	-5551	-358	
599	596	-5551	-338	
599	596	-5551	-356	
599	596	-5551	-373	
599	596	-5551	-320	
599	596	-5551	-367	
599	596	-5551	-368	
599	596	-5551	-424	
599	596	-5551	-335	
599	596	-5551	-304	
599	596	-5551	-350	
599	596	-5551	-315	
599	596	-5551	-306	
599	596	-5551	-378	
599	596	-5551	-268	
599	596	-5551	-314	
599	596	-5551	-326	
599	596	-5551	-384	
599	596	-5551	-295	
599	596	-5551	-331	
599	596	-5551	-296	
599	596	-5551	-339	
599	596	-5551	-301	
599	596	-5551	-324	
599	596	-5551	-350	
599	596	-5551	-353	
599	596	-5551	-328	
599	596	-5551	-400	
599	596	-5552	-275	
599	596	-5551	-342	
599	596	-5551	-336	
599	596	-5551	-278	
599	596	-5551	-401	
599	596	-5551	-367	
599	596	-5551	-318	
599	596	-5551	-328	
599	596	-5551	-399	
599	596	-5551	-311	
599	596	-5551	-336	
599	596	-5551	-307	
599	596	-5551	-275	
599	596	-5551	-341	
599	596	-5551	-380	
599	596	-5551	-332	
599	596	-5551	-366	
599	596	-5551	-385	
599	596	-5551	-344	
599	596	-5551	-278	
599	596	-5551	-300	
599	596	-5551	-385	
599	596	-5551	-326	
599	596	-5551	-385	
599	596	-5551	-283	
599	596	-5551	-324	
599	596	-5551	-348	
599	596	-5551	-385	
599	596	-5551	-339	
599	596	-5551	-306	
599	596	-5551	-377	
599	596	-5551	-351	
599	596	-5551	-348	
599	596	-5551	-324	
599	596	-5551	-365	
599	596	-5551	-373	
599	596	-5551	-336	
599	596	-5551	-386	
599	596	-5551	-335	
599	596	-5551	-319	
599	596	-5551	-394	
599	596	-5551	-371	
599	596	-5551	-324	
599	596	-5551	-320	
599	596	-5551	-346	
599	596	-5551	-361	
599	596	-5551	-321	
599	596	-5551	-393	
599	596	-5551	-313	
599	596	-5551	-367	
599	596	-5551	-341	
599	596	-5551	-385	
599	596	-5551	-261	
599	596	-5551	-359	
599	596	-5551	-308	
599	596	-5551	-306	
599	596	-5551	-368	
599	596	-5551	-317	
599	596	-5551	-341	
599	596	-5551	-328	
599	596	-5551	-312	
599	596	-5551	-299	
599	596	-5551	-290	
599	596	-5551	-302	
599	596	-5551	-309	
599	596	-5551	-370	
599	596	-5551	-365	
599	596	-5551	-355	
599	596	-5551	-391	
599	596	-5551	-366	
599	596	-5551	-354	
599	596	-5551	-364	
599	596	-5551	-370	
599	596	-5551	-326	
599	596	-5551	-363	
599	596	-5551	-327	
599	596	-5551	-342	
599	596	-5551	-367	
599	596	-5551	-315	
599	596	-5551	-316	
599	596	-5551	-371	
599	596	-5551	-354	
599	596	-5551	-356	
599	596	-5552	-339	
599	596	-5551	-331	
599	596	-5551	-353	
599	596	-5551	-404	
599	596	-5551	-392	
599	596	-5551	-391	
599	596	-5551	-313	
599	596	-5551	-387	
599	596	-5551	-310	
599	596	-5551	-339	
599	596	-5551	-330	
599	596	-5551	-322	
599	596	-5551	-341	
599	596	-5551	-359	
599	596	-5551	-346	
599	596	-5551	-392	
599	596	-5551	-320	
599	596	-5551	-319	
599	596	-5551	-363	
599	596	-5551	-359	
599	596	-5551	-284	
599	596	-5551	-327	
599	596	-5551	-292	
599	596	-5551	-340	
599	596	-5551	-312	
599	596	-5551	-324	
599	596	-5551	-291	
599	596	-5551	-339	
599	596	-5551	-342	
599	596	-5551	-341	
599	596	-5551	-357	
599	596	-5551	-410	
599	596	-5551	-313	
599	596	-5551	-333	
599	596	-5551	-335	
599	596	-5551	-308	
599	596	-5551	-285	
599	596	-5551	-322	
599	596	-5551	-378	
599	596	-5551	-307	
599	596	-5551	-329	
599	596	-5551	-342	
599	596	-5551	-330	
599	596	-5551	-354	
599	596	-5551	-336	
599	596	-5551	-320	
599	596	-5551	-401	
599	596	-5551	-331	
599	596	-5551	-338	
599	596	-5551	-342	
599	596	-5551	-342	
599	596	-5551	-309	
599	596	-5551	-313	
599	596	-5551	-285	
599	596	-5551	-333	
599	596	-5551	-399	
599	596	-5551	-338	
599	596	-5551	-391	
599	596	-5551	-322	
599	596	-5551	-379	
599	596	-5551	-331	
599	596	-5551	-400	
599	596	-5551	-365	
599	596	-5551	-385	
599	596	-5551	-352	
599	596	-5551	-320	
599	596	-5551	-366	
599	596	-5551	-385	
599	596	-5551	-341	
599	596	-5551	-312	
599	596	-5551	-321	
599	596	-5551	-359	
599	596	-5551	-305	
599	596	-5551	-297	
599	596	-5551	-412	
599	596	-5551	-332	
599	596	-5551	-354	
599	596	-5551	-307	
599	596	-5551	-324	
599	596	-5551	-330	
599	596	-5551	-322	
599	596	-5551	-328	
599	596	-5551	-379	
599	596	-5551	-329	
599	596	-5551	-370	
599	596	-5551	-347	
599	596	-5551	-339	
599	596	-5551	-344	
599	596	-5551	-357	
599	596	-5551	-342	
599	596	-5551	-340	
599	596	-5551	-365	
599	596	-5551	-313	
599	596	-5551	-327	
599	596	-5551	-401	
599	596	-5551	-370	
599	596	-5551	-304	
599	596	-5551	-327	
599	596	-5551	-351	
599	596	-5551	-352	
599	596	-5551	-357	
599	596	-5551	-393	
599	596	-5551	-378	
599	596	-5551	-345	
599	596	-5551	-302	
599	596	-5551	-327	
599	596	-5551	-309	
599	596	-5551	-369	
599	596	-5551	-327	
599	596	-5551	-339	
599	596	-5551	-374	
599	596	-5551	-354	
599	596	-5551	-347	
599	596	-5551	-342	
599	596	-5551	-328	
599	596	-5551	-348	
599	596	-5551	-350	
599	596	-5551	-326	
599	596	-5551	-328	
599	596	-5551	-324	
599	596	-5551	-405	
599	596	-5551	-304	
599	596	-5551	-305	
599	596	-5551	-370	
599	596	-5551	-318	
599	596	-5551	-343	
599	596	-5551	-306	
599	596	-5551	-332	
599	596	-5551	-342	
599	596	-5551	-387	
599	596	-5551	-322	
599	596	-5552	-311	
599	596	-5551	-299	
599	596	-5552	-346	
599	596	-5551	-341	
599	596	-5551	-306	
599	596	-5551	-384	
599	596	-5551	-331	
599	596	-5551	-399	
599	596	-5551	-318	
599	596	-5552	-420	
599	596	-5551	-328	
599	596	-5551	-329	
599	596	-5551	-272	
599	596	-5551	-419	
599	596	-5551	-289	
599	596	-5551	-320	
599	596	-5551	-329	
599	596	-5551	-318	
599	596	-5551	-328	
599	596	-5551	-394	
599	596	-5551	-304	
599	596	-5551	-335	
599	596	-5551	-328	
599	596	-5551	-381	
599	596	-5551	-352	
599	596	-5551	-333	
599	596	-5551	-367	
599	596	-5551	-335	
599	596	-5551	-307	
599	596	-5551	-329	
599	596	-5551	-378	
599	596	-5551	-378	
599	596	-5551	-338	
599	596	-5551	-324	
599	596	-5551	-326	
599	596	-5551	-262	
599	596	-5551	-386	
599	596	-5551	-322	
599	596	-5551	-312	
599	596	-5551	-338	
599	596	-5551	-378	
599	596	-5551	-392	
599	596	-5551	-319	
599	596	-5551	-314	
599	596	-5551	-239	
599	596	-5551	-354	
599	596	-5551	-388	
599	596	-5551	-337	
599	596	-5551	-368	
599	596	-5551	-339	
599	596	-5551	-391	
599	596	-5551	-341	
599	596	-5551	-338	
599	596	-5551	-358	
599	596	-5551	-356	
599	596	-5551	-324	
599	596	-5551	-389	
599	596	-5551	-293	
599	596	-5551	-314	
599	596	-5551	-331	
599	596	-5551	-347	
599	596	-5551	-366	
599	596	-5551	-332	
599	596	-5551	-346	
599	596	-5551	-273	
599	596	-5551	-406	
599	596	-5551	-333	
599	596	-5551	-292	
599	596	-5551	-306	
599	596	-5551	-333	
599	596	-5551	-313	
599	596	-5551	-336	
599	596	-5551	-347	
599	596	-5551	-310	
599	596	-5551	-328	
599	596	-5551	-333	
599	596	-5551	-335	
599	596	-5551	-365	
599	596	-5551	-324	
599	596	-5551	-367	
599	596	-5551	-309	
599	596	-5551	-313	
599	596	-5551	-359	
599	596	-5551	-386	
599	596	-5551	-384	
599	596	-5551	-385	
599	596	-5551	-360	
599	596	-5551	-359	
599	596	-5551	-394	
599	596	-5551	-412	
599	596	-5551	-341	
599	596	-5551	-360	
599	596	-5551	-338	
599	596	-5551	-335	
599	596	-5551	-378	
599	596	-5551	-348	
599	596	-5551	-414	
599	596	-5551	-291	
599	596	-5551	-270	
599	596	-5551	-305	
599	596	-5551	-335	
599	596	-5551	-336	
599	596	-5551	-350	
599	596	-5551	-342	
599	596	-5551	-388	
599	596	-5551	-311	
599	596	-5551	-344	
599	596	-5551	-313	
599	596	-5551	-391	
599	596	-5551	-335	
599	596	-5551	-321	
599	596	-5551	-364	
599	596	-5551	-407	
599	596	-5551	-339	
599	596	-5551	-305	
599	596	-5551	-305	
599	596	-5551	-335	
599	596	-5551	-335	
599	596	-5551	-333	
599	596	-5551	-341	
599	596	-5551	-413	
599	596	-5551	-342	
599	596	-5551	-356	
599	596	-5551	-270	
599	596	-5551	-262	
599	596	-5551	-327	
599	596	-5551	-386	
599	596	-5551	-324	
599	596	-5551	-381	
599	596	-5551	-347	
599	596	-5551	-373	
599	596	-5551	-368	
599	596	-5551	-360	
599	596	-5551	-359	
599	596	-5551	-402	
599	596	-5551	-371	
599	596	-5551	-336	
599	596	-5551	-365	
599	596	-5551	-339	
599	596	-5551	-294	
599	596	-5551	-295	
599	596	-5551	-391	
599	596	-5551	-336	
599	596	-5551	-391	
599	596	-5551	-313	
599	596	-5551	-333	
599	596	-5551	-347	
599	596	-5551	-290	
599	596	-5551	-314	
599	596	-5551	-329	
599	596	-5551	-377	
599	596	-5551	-405	
599	596	-5551	-324	
599	596	-5551	-358	
599	596	-5551	-327	
599	596	-5551	-377	
599	596	-5551	-375	
599	596	-5551	-339	
599	596	-5551	-373	
599	596	-5551	-375	
599	596	-5551	-346	
599	596	-5551	-373	
599	596	-5551	-302	
599	596	-5551	-318	
599	596	-5551	-296	
599	596	-5551	-339	
599	596	-5551	-362	
599	596	-5551	-338	
599	596	-5551	-344	
599	596	-5551	-366	
599	596	-5551	-312	
599	596	-5551	-395	
599	596	-5551	-410	
599	596	-5551	-425	
599	596	-5551	-339	
599	596	-5551	-404	
599	596	-5551	-321	
599	596	-5551	-340	
599	596	-5551	-351	
599	596	-5551	-351	
599	596	-5551	-326	
599	596	-5551	-375	
599	596	-5551	-371	
599	596	-5551	-331	
599	596	-5551	-357	
599	596	-5551	-328	
599	596	-5551	-279	
599	596	-5551	-319	
599	596	-5551	-318	
599	596	-5551	-297	
599	596	-5551	-365	
599	596	-5551	-360	
599	596	-5551	-297	
599	596	-5551	-346	
599	596	-5551	-357	
599	596	-5551	-316	
599	596	-5551	-326	
599	596	-5551	-391	
599	596	-5551	-355	
599	596	-5551	-340	
599	596	-5551	-297	
599	596	-5551	-353	
599	596	-5551	-338	
599	596	-5551	-335	
599	596	-5551	-339	
599	596	-5551	-336	
599	596	-5551	-360	
599	596	-5551	-327	
599	596	-5551	-407	
599	596	-5551	-314	
599	596	-5551	-366	
599	596	-5551	-300	
599	596	-5551	-386	
599	596	-5551	-271	
599	596	-5551	-282	
599	596	-5551	-348	
599	596	-5551	-275	
599	596	-5551	-393	
599	596	-5551	-354	
599	596	-5551	-282	
599	596	-5551	-352	
599	596	-5551	-303	
599	596	-5551	-311	
599	596	-5551	-357	
599	596	-5551	-342	
599	596	-5551	-324	
599	596	-5551	-350	
599	596	-5551	-336	
599	596	-5551	-353	
599	596	-5551	-322	
599	596	-5551	-314	
599	596	-5551	-350	
599	596	-5551	-406	
599	596	-5551	-342	
599	596	-5551	-345	
599	596	-5551	-331	
599	596	-5551	-304	
599	596	-5551	-321	
599	596	-5551	-380	
599	596	-5551	-341	
599	596	-5551	-317	
599	596	-5551	-347	
599	596	-5551	-321	
599	596	-5551	-339	
599	596	-5551	-324	
599	596	-5551	-340	
599	596	-5552	-356	
599	596	-5551	-290	
599	596	-5552	-401	
599	596	-5551	-318	
599	596	-5551	-328	
599	596	-5551	-385	
599	596	-5551	-408	
599	596	-5551	-326	
599	596	-5551	-385	
599	596	-5551	-341	
599	596	-5551	-329	
599	596	-5551	-292	
599	596	-5551	-306	
599	596	-5551	-343	
599	596	-5551	-305	
599	596	-5551	-319	
599	596	-5551	-328	
599	596	-5551	-353	
599	596	-5551	-338	
599	596	-5551	-336	
599	596	-5551	-309	
599	596	-5551	-304	
599	596	-5551	-341	
599	596	-5551	-337	
599	596	-5551	-289	
599	596	-5551	-350	
599	596	-5551	-319	
599	596	-5551	-289	
599	596	-5551	-326	
599	596	-5551	-387	
599	596	-5551	-334	
599	596	-5552	-321	
599	596	-5551	-373	
599	596	-5551	-386	
599	596	-5551	-309	
599	596	-5551	-359	
599	596	-5551	-399	
599	596	-5551	-297	
599	596	-5551	-377	
599	596	-5551	-386	
599	596	-5551	-320	
599	596	-5551	-302	
599	596	-5551	-329	
599	596	-5551	-383	
599	596	-5551	-392	
599	596	-5551	-362	
599	596	-5551	-272	
599	596	-5551	-392	
599	596	-5551	-293	
599	596	-5551	-367	
599	596	-5551	-303	
599	596	-5551	-303	
599	596	-5551	-294	
599	596	-5551	-328	
599	596	-5551	-301	
599	596	-5551	-320	
599	596	-5551	-284	
599	596	-5551	-320	
599	596	-5551	-341	
599	596	-5551	-320	
599	596	-5551	-353	
599	596	-5551	-318	
599	596	-5552	-375	
599	596	-5551	-284	
599	596	-5551	-392	
599	596	-5551	-339	
599	596	-5551	-348	
599	596	-5551	-318	
599	596	-5551	-373	
599	596	-5551	-324	
599	596	-5551	-363	
599	596	-5551	-418	
599	596	-5551	-336	
599	596	-5551	-324	
599	596	-5551	-386	
599	596	-5551	-328	
599	596	-5551	-389	
599	596	-5551	-358	
599	596	-5552	-316	
599	596	-5551	-365	
599	596	-5552	-333	
599	596	-5551	-313	
599	596	-5551	-357	
599	596	-5551	-352	
599	596	-5551	-347	
599	596	-5551	-329	
599	596	-5551	-282	
599	596	-5552	-355	
599	596	-5551	-306	
599	596	-5552	-305	
599	596	-5551	-387	
599	596	-5551	-395	
599	596	-5551	-339	
599	596	-5551	-291	
599	596	-5551	-371	
599	596	-5551	-371	
599	596	-5551	-280	
599	596	-5551	-364	
599	596	-5551	-353	
599	596	-5551	-310	
599	596	-5551	-370	
599	596	-5551	-365	
599	596	-5552	-372	
599	596	-5551	-393	
599	596	-5552	-311	
599	596	-5551	-378	
599	596	-5551	-350	
599	596	-5551	-375	
599	596	-5551	-331	
599	596	-5552	-377	
599	596	-5551	-319	
599	596	-5551	-347	
599	596	-5551	-349	
599	596	-5551	-335	
599	596	-5551	-318	
599	596	-5552	-384	
599	596	-5551	-386	
599	596	-5552	-321	
599	596	-5551	-339	
599	596	-5551	-349	
599	596	-5551	-392	
599	596	-5551	-333	
599	596	-5551	-370	
599	596	-5551	-384	
599	596	-5551	-368	
599	596	-5551	-309	
599	596	-5551	-344	
599	596	-5551	-320	
599	596	-5551	-328	
599	596	-5551	-278	
599	596	-5551	-373	
599	596	-5551	-328	
599	596	-5551	-326	
599	596	-5552	-347	
599	596	-5551	-303	
599	596	-5551	-321	
599	596	-5551	-407	
599	596	-5551	-331	
599	596	-5551	-297	
599	596	-5552	-321	
599	596	-5551	-318	
599	596	-5551	-392	
599	596	-5551	-312	
599	596	-5552	-331	
599	596	-5551	-400	
599	596	-5551	-339	
599	596	-5551	-304	
599	596	-5551	-361	
599	596	-5551	-312	
599	596	-5551	-384	
599	596	-5551	-391	
599	596	-5551	-347	
599	596	-5551	-306	
599	596	-5551	-381	
599	596	-5551	-306	
599	596	-5551	-324	
599	596	-5551	-339	
599	596	-5551	-327	
599	596	-5551	-356	
599	596	-5552	-353	
599	596	-5551	-335	
599	596	-5551	-370	
599	596	-5551	-369	
599	596	-5551	-310	
599	596	-5552	-384	
599	596	-5551	-320	
599	596	-5551	-346	
599	596	-5551	-355	
599	596	-5551	-380	
599	596	-5551	-313	
599	596	-5551	-315	
599	596	-5551	-331	
599	596	-5551	-343	
599	596	-5551	-318	
599	596	-5551	-377	
599	596	-5551	-289	
599	596	-5552	-335	
599	596	-5551	-358	
599	596	-5551	-310	
599	596	-5551	-305	
599	596	-5551	-303	
599	596	-5551	-349	
599	596	-5551	-333	
599	596	-5551	-385	
599	596	-5551	-279	
599	596	-5551	-293	
599	596	-5551	-363	
599	596	-5551	-370	
599	596	-5552	-344	
599	596	-5551	-385	
599	596	-5551	-301	
599	596	-5551	-328	
599	596	-5551	-306	
599	596	-5551	-356	
599	596	-5551	-319	
599	596	-5551	-341	
599	596	-5551	-321	
599	596	-5552	-326	
599	596	-5551	-360	
599	596	-5551	-327	
599	596	-5551	-336	
599	596	-5551	-355	
599	596	-5551	-351	
599	596	-5551	-312	
599	596	-5551	-311	
599	596	-5551	-386	
599	596	-5551	-369	
599	596	-5551	-381	
599	596	-5551	-358	
599	596	-5551	-336	
599	596	-5551	-384	
599	596	-5551	-328	
599	596	-5552	-310	
599	596	-5551	-329	
599	596	-5551	-336	
599	596	-5552	-362	
599	596	-5551	-332	
599	596	-5551	-336	
599	596	-5551	-302	
599	596	-5551	-304	
599	596	-5551	-362	
599	596	-5551	-346	
599	596	-5551	-321	
599	596	-5552	-366	
599	596	-5551	-333	
599	596	-5552	-328	
599	596	-5551	-347	
599	596	-5551	-377	
599	596	-5551	-357	
599	596	-5551	-393	
599	596	-5551	-358	
599	596	-5551	-294	
599	596	-5551	-327	
599	596	-5551	-361	
599	596	-5551	-289	
599	596	-5552	-353	
599	596	-5551	-359	
599	596	-5552	-374	
599	596	-5551	-362	
599	596	-5551	-321	
599	596	-5552	-328	
599	596	-5551	-312	
599	596	-5551	-370	
599	596	-5551	-357	
599	596	-5551	-381	
599	596	-5551	-324	
599	596	-5551	-301	
599	596	-5551	-343	
599	596	-5551	-385	
599	596	-5551	-327	
599	596	-5552	-335	
599	596	-5551	-338	
599	596	-5552	-319	
599	596	-5551	-316	
599	596	-5551	-342	
599	596	-5551	-312	
599	596	-5551	-381	
599	596	-5552	-339	
599	596	-5552	-385	
599	596	-5551	-301	
599	596	-5551	-350	
599	596	-5551	-342	
599	596	-5551	-291	
599	596	-5551	-320	
599	596	-5552	-304	
599	596	-5552	-344	
599	596	-5551	-371	
599	596	-5552	-320	
599	596	-5551	-369	
599	596	-5551	-332	
599	596	-5551	-333	
599	596	-5551	-340	
599	596	-5552	-311	
599	596	-5551	-347	
599	596	-5551	-355	
599	596	-5551	-363	
599	596	-5551	-367	
599	596	-5552	-377	
599	596	-5551	-386	
599	596	-5551	-289	
599	596	-5552	-367	
599	596	-5551	-312	
599	596	-5551	-373	
599	596	-5552	-331	
599	596	-5551	-342	
599	596	-5551	-370	
599	596	-5551	-347	
599	596	-5551	-371	
599	596	-5551	-332	
599	596	-5552	-339	
599	596	-5551	-378	
599	596	-5551	-344	
599	596	-5551	-376	
599	596	-5551	-330	
599	596	-5551	-385	
599	596	-5552	-394	
599	596	-5551	-351	
599	596	-5551	-370	
599	596	-5551	-311	
599	596	-5551	-314	
599	596	-5551	-371	
599	596	-5552	-323	
599	596	-5551	-344	
599	596	-5551	-311	
599	596	-5551	-348	
599	596	-5551	-342	
599	596	-5551	-296	
599	596	-5551	-300	
599	596	-5551	-329	
599	596	-5552	-335	
599	596	-5551	-322	
599	596	-5551	-280	
599	596	-5551	-327	
599	596	-5552	-339	
599	596	-5551	-336	
599	596	-5551	-322	
599	596	-5551	-342	
599	596	-5551	-363	
599	596	-5552	-328	
599	596	-5552	-277	
599	596	-5552	-438	
599	596	-5551	-327	
599	596	-5551	-342	
599	596	-5552	-319	
599	596	-5551	-358	
599	596	-5551	-300	
599	596	-5551	-333	
599	596	-5551	-370	
599	596	-5551	-377	
599	596	-5552	-351	
599	596	-5551	-413	
599	596	-5551	-346	
599	596	-5551	-335	
599	596	-5552	-385	
599	596	-5551	-321	
599	596	-5551	-391	
599	596	-5552	-319	
599	596	-5552	-387	
599	596	-5551	-410	
599	596	-5551	-383	
599	596	-5551	-311	
599	596	-5551	-285	
599	596	-5551	-312	
599	596	-5552	-339	
599	596	-5551	-376	
599	596	-5551	-319	
599	596	-5551	-309	
599	596	-5552	-322	
599	596	-5551	-380	
599	596	-5551	-347	
599	596	-5552	-351	
599	596	-5551	-358	
599	596	-5551	-351	
599	596	-5551	-338	
599	596	-5551	-302	
599	596	-5552	-311	
599	596	-5551	-362	
599	596	-5552	-318	
599	596	-5551	-386	
599	596	-5551	-312	
599	596	-5551	-297	
599	596	-5552	-394	
599	596	-5551	-360	
599	596	-5552	-305	
599	596	-5552	-311	
599	596	-5551	-305	
599	596	-5552	-348	
599	596	-5552	-377	
599	596	-5552	-329	
599	596	-5551	-303	
599	596	-5552	-324	
599	596	-5551	-385	
599	596	-5551	-392	
599	596	-5552	-363	
599	596	-5551	-333	
599	596	-5551	-319	
599	596	-5551	-295	
599	596	-5552	-312	
599	596	-5552	-346	
599	596	-5551	-277	
599	596	-5551	-396	
599	596	-5551	-299	
599	596	-5551	-355	
599	596	-5551	-387	
599	596	-5551	-346	
599	596	-5551	-335	
599	596	-5551	-367	
599	596	-5551	-345	
599	596	-5551	-347	
599	596	-5551	-384	
599	596	-5551	-345	
599	596	-5551	-370	
599	596	-5551	-347	
599	596	-5551	-358	
599	596	-5551	-319	
599	596	-5551	-306	
599	596	-5551	-337	
599	596	-5551	-367	
599	596	-5551	-323	
599	596	-5551	-382	
599	596	-5551	-416	
599	596	-5551	-385	
599	596	-5551	-297	
599	596	-5551	-402	
599	596	-5551	-339	
599	596	-5551	-328	
599	596	-5551	-324	
599	596	-5551	-338	
599	596	-5551	-373	
599	596	-5551	-402	
599	596	-5551	-313	
599	596	-5551	-341	
599	596	-5551	-378	
599	596	-5551	-328	
599	596	-5551	-306	
599	596	-5552	-351	
599	596	-5551	-327	
599	596	-5551	-313	
599	596	-5551	-356	
599	596	-5551	-376	
599	596	-5551	-324	
599	596	-5551	-295	
599	596	-5551	-402	
599	596	-5551	-320	
599	596	-5552	-347	
599	596	-5551	-313	
599	596	-5551	-375	
599	596	-5551	-339	
599	596	-5551	-304	
599	596	-5551	-300	
599	596	-5551	-340	
599	596	-5552	-339	
599	596	-5552	-378	
599	596	-5551	-316	
599	596	-5551	-320	
599	596	-5551	-290	
599	596	-5551	-328	
599	596	-5552	-311	
599	596	-5551	-295	
599	596	-5551	-320	
599	596	-5551	-322	
599	596	-5551	-324	
599	596	-5551	-327	
599	596	-5551	-358	
599	596	-5551	-348	
599	596	-5552	-294	
599	596	-5551	-380	
599	596	-5551	-327	
599	596	-5551	-378	
599	596	-5552	-359	
599	596	-5551	-331	
599	596	-5551	-371	
599	596	-5551	-347	
599	596	-5551	-312	
599	596	-5551	-385	
599	596	-5551	-320	
599	596	-5551	-319	
599	596	-5551	-385	
599	596	-5552	-324	
599	596	-5551	-319	
599	596	-5551	-346	
599	596	-5551	-385	
599	596	-5551	-329	
599	596	-5551	-311	
599	596	-5551	-312	
599	596	-5551	-380	
599	596	-5551	-381	
599	596	-5551	-387	
599	596	-5551	-292	
599	596	-5552	-347	
599	596	-5551	-388	
599	596	-5551	-348	
599	596	-5551	-328	
599	596	-5551	-342	
599	596	-5551	-351	
599	596	-5551	-362	
599	596	-5551	-304	
599	596	-5551	-345	
599	596	-5551	-338	
599	596	-5551	-304	
599	596	-5551	-401	
599	596	-5551	-433	
599	596	-5551	-357	
599	596	-5551	-353	
599	596	-5551	-356	
599	596	-5551	-289	
599	596	-5551	-416	
599	596	-5552	-311	
599	596	-5551	-330	
599	596	-5551	-353	
599	596	-5551	-329	
599	596	-5551	-392	
599	596	-5551	-321	
599	596	-5551	-349	
599	596	-5551	-358	
599	596	-5551	-279	
599	596	-5552	-280	
599	596	-5551	-324	
599	596	-5551	-338	
599	596	-5551	-347	
599	596	-5551	-356	
599	596	-5551	-348	
599	596	-5551	-312	
599	596	-5551	-375	
599	596	-5551	-342	
599	596	-5551	-356	
599	596	-5551	-341	
599	596	-5551	-363	
599	596	-5551	-346	
599	596	-5551	-359	
599	596	-5551	-311	
599	596	-5551	-294	
599	596	-5551	-319	
599	596	-5551	-327	
599	596	-5551	-318	
599	596	-5551	-295	
599	596	-5551	-329	
599	596	-5551	-362	
599	596	-5551	-424	
599	596	-5551	-380	
599	596	-5551	-405	
599	596	-5551	-319	
599	596	-5551	-342	
599	596	-5551	-328	
599	596	-5551	-295	
599	596	-5552	-384	
599	596	-5551	-326	
599	596	-5551	-316	
599	596	-5551	-336	
599	596	-5551	-327	
599	596	-5551	-268	
599	596	-5551	-318	
599	596	-5551	-340	
599	596	-5551	-299	
599	596	-5551	-289	
599	596	-5551	-383	
599	596	-5551	-342	
599	596	-5551	-358	
599	596	-5551	-301	
599	596	-5552	-328	
599	596	-5551	-359	
599	596	-5552	-363	
599	596	-5551	-326	
599	596	-5552	-348	
599	596	-5551	-329	
599	596	-5551	-338	
599	596	-5551	-328	
599	596	-5551	-321	
599	596	-5551	-296	
599	596	-5551	-362	
599	596	-5551	-354	
599	596	-5551	-387	
599	596	-5551	-342	
599	596	-5551	-322	
599	596	-5551	-351	
599	596	-5551	-336	
599	596	-5551	-340	
599	596	-5551	-365	
599	596	-5551	-315	
599	596	-5551	-373	
599	596	-5551	-291	
599	596	-5551	-357	
599	596	-5551	-294	
599	596	-5551	-327	
599	596	-5551	-335	
599	596	-5551	-328	
599	596	-5551	-348	
599	596	-5551	-332	
599	596	-5551	-405	
599	596	-5551	-349	
599	596	-5551	-341	
599	596	-5551	-317	
599	596	-5552	-364	
599	596	-5552	-400	
599	596	-5551	-367	
599	596	-5551	-316	
599	596	-5551	-393	
599	596	-5551	-342	
599	596	-5552	-284	
599	596	-5551	-346	
599	596	-5551	-362	
599	596	-5551	-344	
599	596	-5551	-318	
599	596	-5551	-321	
599	596	-5551	-301	
599	596	-5551	-312	
599	596	-5551	-341	
599	596	-5551	-339	
599	596	-5551	-378	
599	596	-5551	-339	
599	596	-5551	-327	
599	596	-5551	-327	
599	596	-5552	-312	
599	596	-5551	-305	
599	596	-5551	-320	
599	596	-5551	-365	
599	596	-5551	-380	
599	596	-5551	-373	
599	596	-5551	-367	
599	596	-5551	-373	
599	596	-5551	-353	
599	596	-5551	-368	
599	596	-5552	-311	
599	596	-5551	-339	
599	596	-5551	-339	
599	596	-5551	-328	
599	596	-5551	-306	
599	596	-5552	-345	
599	596	-5551	-321	
599	596	-5551	-355	
599	596	-5551	-335	
599	596	-5551	-333	
599	596	-5551	-317	
599	596	-5551	-393	
599	596	-5551	-313	
599	596	-5551	-319	
599	596	-5551	-363	
599	596	-5551	-351	
599	596	-5551	-324	
599	596	-5551	-337	
599	596	-5551	-307	
599	596	-5551	-297	
599	596	-5551	-363	
599	596	-5551	-377	
599	596	-5551	-337	
599	596	-5551	-422	
599	596	-5551	-401	
599	596	-5551	-333	
599	596	-5551	-342	
599	596	-5551	-376	
599	596	-5551	-384	
599	596	-5551	-341	
599	596	-5551	-365	
599	596	-5551	-318	
599	596	-5551	-304	
599	596	-5551	-317	
599	596	-5551	-320	
599	596	-5551	-351	
599	596	-5551	-291	
599	596	-5551	-351	
599	596	-5551	-289	
599	596	-5551	-316	
599	596	-5551	-266	
599	596	-5551	-378	
599	596	-5551	-394	
599	596	-5551	-319	
599	596	-5551	-290	
599	596	-5551	-314	
599	596	-5552	-311	
599	596	-5551	-327	
599	596	-5551	-353	
599	596	-5551	-299	
599	596	-5552	-282	
599	596	-5551	-355	
599	596	-5551	-335	
599	596	-5551	-359	
599	596	-5551	-297	
599	596	-5551	-376	
599	596	-5551	-380	
599	596	-5551	-311	
599	596	-5551	-359	
599	596	-5551	-321	
599	596	-5551	-304	
599	596	-5551	-282	
599	596	-5551	-296	
599	596	-5551	-377	
599	596	-5551	-318	
599	596	-5551	-311	
599	596	-5551	-314	
599	596	-5551	-314	
599	596	-5551	-364	
599	596	-5551	-335	
599	596	-5551	-394	
599	596	-5551	-379	
599	596	-5551	-390	
599	596	-5551	-328	
599	596	-5551	-299	
599	596	-5551	-321	
599	596	-5552	-299	
599	596	-5551	-378	
599	596	-5551	-400	
599	596	-5551	-368	
599	596	-5552	-341	
599	596	-5551	-384	
599	596	-5552	-338	
599	596	-5551	-301	
599	596	-5551	-305	
599	596	-5551	-321	
599	596	-5551	-387	
599	596	-5551	-320	
599	596	-5551	-319	
599	596	-5551	-303	
599	596	-5551	-370	
599	596	-5551	-313	
599	596	-5552	-297	
599	596	-5551	-296	
599	596	-5551	-312	
599	596	-5551	-348	
599	596	-5551	-313	
599	596	-5551	-321	
599	596	-5551	-359	
599	596	-5551	-339	
599	596	-5551	-351	
599	596	-5551	-346	
599	596	-5551	-314	
599	596	-5551	-327	
599	596	-5551	-310	
599	596	-5551	-291	
599	596	-5551	-332	
599	596	-5551	-370	
599	596	-5551	-378	
599	596	-5551	-313	
599	596	-5551	-303	
599	596	-5551	-378	
599	596	-5552	-331	
599	596	-5551	-394	
599	596	-5551	-313	
599	596	-5551	-320	
599	596	-5551	-347	
599	596	-5551	-341	
599	596	-5551	-385	
599	596	-5552	-358	
599	596	-5551	-321	
599	596	-5551	-358	
599	596	-5551	-331	
599	596	-5551	-336	
599	596	-5551	-319	
599	596	-5551	-377	
599	596	-5551	-341	
599	596	-5551	-348	
599	596	-5551	-311	
599	596	-5551	-302	
599	596	-5551	-320	
599	596	-5551	-339	
599	596	-5551	-386	
599	596	-5551	-305	
599	596	-5551	-373	
599	596	-5551	-360	
599	596	-5551	-348	
599	596	-5551	-347	
599	596	-5551	-309	
599	596	-5551	-319	
599	596	-5551	-359	
599	596	-5551	-339	
599	596	-5551	-343	
599	596	-5552	-333	
599	596	-5551	-322	
599	596	-5551	-313	
599	596	-5551	-301	
599	596	-5551	-373	
599	596	-5551	-324	
599	596	-5551	-322	
599	596	-5551	-392	
599	596	-5551	-291	
599	596	-5552	-355	
599	596	-5551	-329	
599	596	-5551	-331	
599	596	-5551	-306	
599	596	-5551	-378	
599	596	-5551	-305	
599	596	-5551	-296	
599	596	-5551	-338	
599	596	-5551	-378	
599	596	-5551	-370	
599	596	-5551	-327	
599	596	-5551	-384	
599	596	-5551	-313	
599	596	-5551	-301	
599	596	-5551	-328	
599	596	-5551	-358	
599	596	-5551	-394	
599	596	-5551	-384	
599	596	-5551	-318	
599	596	-5551	-294	
599	596	-5551	-422	
599	596	-5551	-351	
599	596	-5551	-391	
599	596	-5551	-340	
599	596	-5551	-349	
599	596	-5552	-356	
599	596	-5551	-365	
599	596	-5552	-335	
599	596	-5552	-355	
599	596	-5552	-366	
599	596	-5552	-351	
599	596	-5551	-377	
599	596	-5551	-333	
599	596	-5551	-324	
599	596	-5551	-306	
599	596	-5551	-339	
599	596	-5552	-313	
599	596	-5551	-357	
599	596	-5551	-391	
599	596	-5551	-340	
599	596	-5551	-307	
599	596	-5551	-322	
599	596	-5551	-418	
599	596	-5551	-316	
599	596	-5551	-314	
599	596	-5551	-351	
599	596	-5551	-339	
599	596	-5551	-391	
599	596	-5552	-393	
599	596	-5551	-319	
599	596	-5551	-347	
599	596	-5551	-306	
599	596	-5551	-346	
599	596	-5551	-362	
599	596	-5551	-333	
599	596	-5551	-340	
599	596	-5551	-353	
599	596	-5551	-297	
599	596	-5551	-344	
599	596	-5551	-357	
599	596	-5551	-401	
599	596	-5551	-414	
599	596	-5551	-305	
599	596	-5551	-290	
599	596	-5552	-342	
599	596	-5551	-359	
599	596	-5552	-373	
599	596	-5551	-338	
599	596	-5552	-341	
599	596	-5552	-300	
599	596	-5551	-349	
599	596	-5551	-386	
599	596	-5551	-311	
599	596	-5552	-305	
599	596	-5551	-387	
599	596	-5551	-344	
599	596	-5552	-295	
599	596	-5551	-292	
599	596	-5551	-347	
599	596	-5551	-305	
599	596	-5552	-321	
599	596	-5552	-339	
599	596	-5551	-349	
599	596	-5552	-402	
599	596	-5551	-391	
599	596	-5551	-311	
599	596	-5552	-358	
599	596	-5552	-299	
599	596	-5551	-303	
599	596	-5552	-340	
599	596	-5551	-365	
599	596	-5552	-289	
599	596	-5551	-342	
599	596	-5551	-411	
599	596	-5551	-296	
599	596	-5552	-363	
599	596	-5552	-282	
599	596	-5551	-335	
599	596	-5551	-326	
599	596	-5552	-401	
599	596	-5551	-400	
599	596	-5551	-400	
599	596	-5551	-327	
599	596	-5552	-401	
599	596	-5551	-307	
599	596	-5551	-320	
599	596	-5551	-297	
599	596	-5552	-358	
599	596	-5551	-336	
599	596	-5551	-295	
599	596	-5551	-338	
599	596	-5551	-321	
599	596	-5551	-342	
599	596	-5551	-335	
599	596	-5551	-304	
599	596	-5551	-350	
599	596	-5551	-339	
599	596	-5551	-390	
599	596	-5551	-353	
599	596	-5551	-328	
599	596	-5551	-289	
599	596	-5552	-305	
599	596	-5551	-321	
599	596	-5552	-355	
599	596	-5551	-300	
599	596	-5551	-275	
599	596	-5551	-408	
599	596	-5552	-315	
599	596	-5551	-359	
599	596	-5552	-380	
599	596	-5551	-305	
599	596	-5551	-339	
599	596	-5551	-319	
599	596	-5551	-335	
599	596	-5551	-386	
599	596	-5552	-327	
599	596	-5551	-302	
599	596	-5552	-320	
599	596	-5552	-358	
599	596	-5552	-348	
599	596	-5552	-359	
599	596	-5552	-324	
599	596	-5552	-321	
599	596	-5552	-402	
599	596	-5551	-328	
599	596	-5552	-411	
599	596	-5551	-385	
599	596	-5551	-341	
599	596	-5551	-299	
599	596	-5551	-392	
599	596	-5551	-262	
599	596	-5551	-371	
599	596	-5551	-336	
599	596	-5551	-358	
599	596	-5551	-367	
599	596	-5551	-356	
599	596	-5551	-370	
599	596	-5551	-373	
599	596	-5551	-333	
599	596	-5551	-328	
599	596	-5551	-336	
599	596	-5551	-342	
599	596	-5551	-321	
599	596	-5552	-328	
599	596	-5551	-328	
599	596	-5551	-304	
599	596	-5551	-310	
599	596	-5551	-315	
599	596	-5552	-324	
599	596	-5551	-354	
599	596	-5551	-332	
599	596	-5551	-368	
599	596	-5551	-313	
599	596	-5551	-366	
599	596	-5551	-322	
599	596	-5551	-392	
599	596	-5551	-333	
599	596	-5551	-365	
599	596	-5551	-368	
599	596	-5551	-305	
599	596	-5551	-312	
599	596	-5551	-332	
599	596	-5551	-358	
599	596	-5551	-328	
599	596	-5551	-355	
599	596	-5551	-298	
599	596	-5551	-282	
599	596	-5551	-333	
599	596	-5551	-327	
599	596	-5551	-313	
599	596	-5551	-388	
599	596	-5551	-392	
599	596	-5552	-373	
599	596	-5551	-385	
599	596	-5551	-328	
599	596	-5551	-367	
599	596	-5551	-339	
599	596	-5551	-304	
599	596	-5551	-332	
599	596	-5551	-378	
599	596	-5552	-338	
599	596	-5551	-313	
599	596	-5552	-343	
599	596	-5551	-392	
599	596	-5551	-332	
599	596	-5551	-376	
599	596	-5551	-358	
599	596	-5551	-385	
599	596	-5551	-310	
599	596	-5551	-373	
599	596	-5551	-359	
599	596	-5551	-365	
599	596	-5551	-341	
599	596	-5551	-327	
599	596	-5551	-329	
599	596	-5551	-333	
599	596	-5551	-363	
599	596	-5551	-363	
599	596	-5551	-371	
599	596	-5552	-339	
599	596	-5551	-324	
599	596	-5552	-374	
599	596	-5551	-328	
599	596	-5551	-315	
599	596	-5551	-321	
599	596	-5552	-347	
599	596	-5551	-333	
599	596	-5552	-402	
599	596	-5552	-400	
599	596	-5551	-306	
599	596	-5552	-392	
599	596	-5551	-371	
599	596	-5552	-384	
599	596	-5552	-378	
599	596	-5552	-304	
599	596	-5552	-364	
599	596	-5551	-402	
599	596	-5551	-302	
599	596	-5551	-351	
599	596	-5551	-378	
599	596	-5551	-292	
599	596	-5552	-331	
599	596	-5552	-329	
599	596	-5551	-321	
599	596	-5552	-346	
599	596	-5552	-327	
599	596	-5551	-391	
599	596	-5552	-369	
599	596	-5551	-295	
599	596	-5551	-300	
599	596	-5551	-379	
599	596	-5552	-335	
599	596	-5551	-305	
599	596	-5551	-355	
599	596	-5551	-358	
599	596	-5551	-315	
599	596	-5552	-388	
599	596	-5551	-406	
599	596	-5552	-314	
599	596	-5551	-324	
599	596	-5551	-349	
599	596	-5551	-360	
599	596	-5552	-376	
599	596	-5552	-380	
599	596	-5551	-326	
599	596	-5552	-264	
599	596	-5552	-340	
599	596	-5551	-344	
599	596	-5551	-338	
599	596	-5551	-299	
599	596	-5552	-306	
599	596	-5551	-320	
599	596	-5552	-333	
599	596	-5552	-356	
599	596	-5552	-252	
599	596	-5552	-297	
599	596	-5552	-333	
599	596	-5552	-319	
599	596	-5552	-366	
599	596	-5551	-326	
599	596	-5552	-331	
599	596	-5551	-348	
599	596	-5552	-378	
599	596	-5551	-318	
599	596	-5552	-394	
599	596	-5552	-313	
599	596	-5552	-346	
599	596	-5552	-351	
599	596	-5552	-364	
599	596	-5552	-347	
599	596	-5552	-392	
599	596	-5552	-352	
599	596	-5552	-255	
599	596	-5552	-378	
599	596	-5552	-359	
599	596	-5552	-386	
599	596	-5552	-320	
599	596	-5551	-355	
599	596	-5552	-378	
599	596	-5551	-307	
599	596	-5552	-326	
599	596	-5552	-418	
599	596	-5551	-335	
599	596	-5551	-338	
599	596	-5551	-377	
599	596	-5552	-275	
599	596	-5552	-318	
599	596	-5552	-322	
599	596	-5551	-346	
599	596	-5552	-312	
599	596	-5552	-337	
599	596	-5552	-290	
599	596	-5552	-342	
599	596	-5552	-364	
599	596	-5552	-287	
599	596	-5552	-365	
599	596	-5552	-376	
599	596	-5551	-358	
599	596	-5552	-401	
599	596	-5552	-386	
599	596	-5552	-349	
599	596	-5552	-372	
599	596	-5551	-338	
599	596	-5552	-332	
599	596	-5552	-332	
599	596	-5552	-328	
599	596	-5551	-319	
599	596	-5551	-332	
599	596	-5551	-320	
599	596	-5552	-311	
599	596	-5551	-297	
599	596	-5551	-361	
599	596	-5552	-284	
599	596	-5551	-316	
599	596	-5552	-315	
599	596	-5551	-313	
599	596	-5551	-285	
599	596	-5552	-305	
599	596	-5551	-311	
599	596	-5552	-350	
599	596	-5551	-400	
599	596	-5551	-328	
599	596	-5551	-362	
599	596	-5552	-299	
599	596	-5552	-362	
599	596	-5552	-339	
599	596	-5551	-339	
599	596	-5552	-378	
599	596	-5551	-258	
599	596	-5552	-363	
599	596	-5551	-346	
599	596	-5552	-312	
599	596	-5551	-339	
599	596	-5551	-391	
599	596	-5551	-370	
599	596	-5552	-393	
599	596	-5552	-320	
599	596	-5551	-312	
599	596	-5551	-394	
599	596	-5552	-355	
599	596	-5551	-375	
599	596	-5552	-373	
599	596	-5551	-353	
599	596	-5551	-297	
599	596	-5552	-344	
599	596	-5551	-366	
599	596	-5551	-360	
599	596	-5552	-312	
599	596	-5551	-338	
599	596	-5552	-321	
599	596	-5551	-313	
599	596	-5551	-378	
599	596	-5551	-357	
599	596	-5552	-402	
599	596	-5551	-303	
599	596	-5552	-297	
599	596	-5552	-373	
599	596	-5552	-392	
599	596	-5552	-353	
599	596	-5552	-299	
599	596	-5551	-378	
599	596	-5551	-314	
599	596	-5552	-324	
599	596	-5551	-419	
599	596	-5552	-297	
599	596	-5552	-365	
599	596	-5551	-322	
599	596	-5552	-311	
599	596	-5551	-347	
599	596	-5552	-350	
599	596	-5551	-319	
599	596	-5551	-343	
599	596	-5551	-343	
599	596	-5551	-336	
599	596	-5551	-335	
599	596	-5551	-420	
599	596	-5551	-331	
599	596	-5551	-366	
599	596	-5552	-355	
599	596	-5552	-317	
599	596	-5551	-376	
599	596	-5552	-328	
599	596	-5552	-373	
599	596	-5551	-357	
599	596	-5551	-318	
599	596	-5552	-332	
599	596	-5551	-286	
599	596	-5551	-407	
599	596	-5552	-321	
599	596	-5551	-304	
599	596	-5551	-365	
599	596	-5551	-327	
599	596	-5552	-311	
599	596	-5551	-333	
599	596	-5551	-306	
599	596	-5551	-336	
599	596	-5551	-333	
599	596	-5552	-380	
599	596	-5551	-385	
599	596	-5551	-335	
599	596	-5551	-299	
599	596	-5552	-323	
599	596	-5551	-381	
599	596	-5551	-370	
599	596	-5551	-394	
599	596	-5552	-358	
599	596	-5552	-366	
599	596	-5552	-335	
599	596	-5551	-362	
599	596	-5552	-331	
599	596	-5552	-367	
599	596	-5551	-324	
599	596	-5552	-335	
599	596	-5551	-297	
599	596	-5551	-340	
599	596	-5552	-295	
599	596	-5551	-378	
599	596	-5551	-350	
599	596	-5551	-295	
599	596	-5552	-355	
599	596	-5551	-364	
599	596	-5552	-351	
599	596	-5552	-311	
599	596	-5552	-367	
599	596	-5552	-365	
599	596	-5552	-399	
599	596	-5552	-305	
599	596	-5552	-330	
599	596	-5552	-303	
599	596	-5552	-307	
599	596	-5552	-389	
599	596	-5551	-393	
599	596	-5552	-377	
599	596	-5551	-346	
599	596	-5552	-378	
599	596	-5551	-333	
599	596	-5551	-399	
599	596	-5551	-335	
599	596	-5551	-355	
599	596	-5551	-311	
599	596	-5551	-359	
599	596	-5552	-406	
599	596	-5551	-302	
599	596	-5552	-328	
599	596	-5551	-370	
599	596	-5551	-357	
599	596	-5551	-342	
599	596	-5551	-326	
599	596	-5552	-367	
599	596	-5552	-392	
599	596	-5552	-319	
599	596	-5551	-381	
599	596	-5551	-335	
599	596	-5551	-362	
599	596	-5552	-398	
599	596	-5551	-321	
599	596	-5551	-402	
599	596	-5552	-358	
599	596	-5552	-349	
599	596	-5551	-349	
599	596	-5552	-276	
599	596	-5551	-320	
599	596	-5552	-277	
599	596	-5552	-401	
599	596	-5552	-366	
599	596	-5552	-327	
599	596	-5552	-364	
599	596	-5552	-327	
599	596	-5551	-299	
599	596	-5552	-326	
599	596	-5551	-354	
599	596	-5552	-375	
599	596	-5551	-347	
599	596	-5552	-384	
599	596	-5551	-369	
599	596	-5551	-357	
599	596	-5552	-351	
599	596	-5551	-322	
599	596	-5552	-359	
599	596	-5551	-364	
599	596	-5552	-326	
599	596	-5551	-336	
599	596	-5551	-341	
599	596	-5552	-300	
599	596	-5551	-384	
599	596	-5552	-344	
599	596	-5551	-336	
599	596	-5552	-375	
599	596	-5552	-396	
599	596	-5551	-288	
599	596	-5551	-299	
599	596	-5551	-305	
599	596	-5551	-322	
599	596	-5552	-406	
599	596	-5551	-305	
599	596	-5551	-295	
599	596	-5551	-392	
599	596	-5552	-305	
599	596	-5551	-329	
599	596	-5551	-386	
599	596	-5551	-319	
599	596	-5552	-313	
599	596	-5551	-314	
599	596	-5552	-331	
599	596	-5551	-317	
599	596	-5551	-355	
599	596	-5551	-387	
599	596	-5551	-357	
599	596	-5552	-333	
599	596	-5552	-316	
599	596	-5551	-339	
599	596	-5551	-347	
599	596	-5551	-363	
599	596	-5551	-360	
599	596	-5552	-328	
599	596	-5551	-394	
599	596	-5552	-341	
599	596	-5551	-311	
599	596	-5551	-353	
599	596	-5551	-355	
599	596	-5552	-380	
599	596	-5551	-370	
599	596	-5551	-373	
599	596	-5552	-338	
599	596	-5551	-373	
599	596	-5551	-320	
599	596	-5551	-319	
599	596	-5551	-349	
599	596	-5551	-370	
599	596	-5551	-296	
599	596	-5552	-377	
599	596	-5551	-307	
599	596	-5552	-336	
599	596	-5551	-275	
599	596	-5551	-335	
599	596	-5551	-320	
599	596	-5551	-319	
599	596	-5551	-327	
599	596	-5551	-332	
599	596	-5551	-344	
599	596	-5551	-356	
599	596	-5551	-300	
599	596	-5551	-293	
599	596	-5551	-357	
599	596	-5551	-335	
599	596	-5551	-402	
599	596	-5551	-335	
599	596	-5552	-312	
599	596	-5551	-385	
